{
 "cells": [
  {
   "cell_type": "code",
   "execution_count": 1,
   "id": "f09ded9c",
   "metadata": {},
   "outputs": [],
   "source": [
    "import pandas as pd"
   ]
  },
  {
   "cell_type": "code",
   "execution_count": 9,
   "id": "5a9834d3",
   "metadata": {},
   "outputs": [
    {
     "data": {
      "text/html": [
       "<div>\n",
       "<style scoped>\n",
       "    .dataframe tbody tr th:only-of-type {\n",
       "        vertical-align: middle;\n",
       "    }\n",
       "\n",
       "    .dataframe tbody tr th {\n",
       "        vertical-align: top;\n",
       "    }\n",
       "\n",
       "    .dataframe thead th {\n",
       "        text-align: right;\n",
       "    }\n",
       "</style>\n",
       "<table border=\"1\" class=\"dataframe\">\n",
       "  <thead>\n",
       "    <tr style=\"text-align: right;\">\n",
       "      <th></th>\n",
       "      <th>Date</th>\n",
       "      <th>Price</th>\n",
       "      <th>Open</th>\n",
       "      <th>High</th>\n",
       "      <th>Low</th>\n",
       "      <th>Vol.</th>\n",
       "      <th>Change %</th>\n",
       "    </tr>\n",
       "  </thead>\n",
       "  <tbody>\n",
       "    <tr>\n",
       "      <th>0</th>\n",
       "      <td>04/20/2025</td>\n",
       "      <td>594.79</td>\n",
       "      <td>591.60</td>\n",
       "      <td>595.09</td>\n",
       "      <td>591.60</td>\n",
       "      <td>4.38M</td>\n",
       "      <td>0.54%</td>\n",
       "    </tr>\n",
       "    <tr>\n",
       "      <th>1</th>\n",
       "      <td>04/19/2025</td>\n",
       "      <td>591.60</td>\n",
       "      <td>591.60</td>\n",
       "      <td>594.40</td>\n",
       "      <td>588.01</td>\n",
       "      <td>2.98M</td>\n",
       "      <td>-0.03%</td>\n",
       "    </tr>\n",
       "    <tr>\n",
       "      <th>2</th>\n",
       "      <td>04/18/2025</td>\n",
       "      <td>591.80</td>\n",
       "      <td>590.40</td>\n",
       "      <td>595.81</td>\n",
       "      <td>587.40</td>\n",
       "      <td>5.11M</td>\n",
       "      <td>0.24%</td>\n",
       "    </tr>\n",
       "    <tr>\n",
       "      <th>3</th>\n",
       "      <td>04/17/2025</td>\n",
       "      <td>590.40</td>\n",
       "      <td>582.70</td>\n",
       "      <td>593.00</td>\n",
       "      <td>580.90</td>\n",
       "      <td>5.29M</td>\n",
       "      <td>1.32%</td>\n",
       "    </tr>\n",
       "    <tr>\n",
       "      <th>4</th>\n",
       "      <td>04/16/2025</td>\n",
       "      <td>582.70</td>\n",
       "      <td>579.50</td>\n",
       "      <td>585.81</td>\n",
       "      <td>576.10</td>\n",
       "      <td>6.03M</td>\n",
       "      <td>0.55%</td>\n",
       "    </tr>\n",
       "    <tr>\n",
       "      <th>...</th>\n",
       "      <td>...</td>\n",
       "      <td>...</td>\n",
       "      <td>...</td>\n",
       "      <td>...</td>\n",
       "      <td>...</td>\n",
       "      <td>...</td>\n",
       "      <td>...</td>\n",
       "    </tr>\n",
       "    <tr>\n",
       "      <th>2715</th>\n",
       "      <td>11/13/2017</td>\n",
       "      <td>1.68</td>\n",
       "      <td>1.49</td>\n",
       "      <td>1.74</td>\n",
       "      <td>1.49</td>\n",
       "      <td>166.01K</td>\n",
       "      <td>12.75%</td>\n",
       "    </tr>\n",
       "    <tr>\n",
       "      <th>2716</th>\n",
       "      <td>11/12/2017</td>\n",
       "      <td>1.49</td>\n",
       "      <td>1.66</td>\n",
       "      <td>1.70</td>\n",
       "      <td>1.34</td>\n",
       "      <td>456.48K</td>\n",
       "      <td>-10.24%</td>\n",
       "    </tr>\n",
       "    <tr>\n",
       "      <th>2717</th>\n",
       "      <td>11/11/2017</td>\n",
       "      <td>1.66</td>\n",
       "      <td>1.71</td>\n",
       "      <td>1.93</td>\n",
       "      <td>1.58</td>\n",
       "      <td>256.71K</td>\n",
       "      <td>-2.92%</td>\n",
       "    </tr>\n",
       "    <tr>\n",
       "      <th>2718</th>\n",
       "      <td>11/10/2017</td>\n",
       "      <td>1.71</td>\n",
       "      <td>1.99</td>\n",
       "      <td>2.02</td>\n",
       "      <td>1.60</td>\n",
       "      <td>483.23K</td>\n",
       "      <td>-14.07%</td>\n",
       "    </tr>\n",
       "    <tr>\n",
       "      <th>2719</th>\n",
       "      <td>11/09/2017</td>\n",
       "      <td>1.99</td>\n",
       "      <td>1.99</td>\n",
       "      <td>2.20</td>\n",
       "      <td>1.90</td>\n",
       "      <td>283.35K</td>\n",
       "      <td>0.00%</td>\n",
       "    </tr>\n",
       "  </tbody>\n",
       "</table>\n",
       "<p>2720 rows × 7 columns</p>\n",
       "</div>"
      ],
      "text/plain": [
       "            Date   Price    Open    High     Low     Vol. Change %\n",
       "0     04/20/2025  594.79  591.60  595.09  591.60    4.38M    0.54%\n",
       "1     04/19/2025  591.60  591.60  594.40  588.01    2.98M   -0.03%\n",
       "2     04/18/2025  591.80  590.40  595.81  587.40    5.11M    0.24%\n",
       "3     04/17/2025  590.40  582.70  593.00  580.90    5.29M    1.32%\n",
       "4     04/16/2025  582.70  579.50  585.81  576.10    6.03M    0.55%\n",
       "...          ...     ...     ...     ...     ...      ...      ...\n",
       "2715  11/13/2017    1.68    1.49    1.74    1.49  166.01K   12.75%\n",
       "2716  11/12/2017    1.49    1.66    1.70    1.34  456.48K  -10.24%\n",
       "2717  11/11/2017    1.66    1.71    1.93    1.58  256.71K   -2.92%\n",
       "2718  11/10/2017    1.71    1.99    2.02    1.60  483.23K  -14.07%\n",
       "2719  11/09/2017    1.99    1.99    2.20    1.90  283.35K    0.00%\n",
       "\n",
       "[2720 rows x 7 columns]"
      ]
     },
     "execution_count": 9,
     "metadata": {},
     "output_type": "execute_result"
    }
   ],
   "source": [
    "df = pd.read_csv('data/bnb.csv')\n",
    "df"
   ]
  },
  {
   "cell_type": "code",
   "execution_count": 10,
   "id": "caf14719",
   "metadata": {},
   "outputs": [
    {
     "data": {
      "text/html": [
       "<div>\n",
       "<style scoped>\n",
       "    .dataframe tbody tr th:only-of-type {\n",
       "        vertical-align: middle;\n",
       "    }\n",
       "\n",
       "    .dataframe tbody tr th {\n",
       "        vertical-align: top;\n",
       "    }\n",
       "\n",
       "    .dataframe thead th {\n",
       "        text-align: right;\n",
       "    }\n",
       "</style>\n",
       "<table border=\"1\" class=\"dataframe\">\n",
       "  <thead>\n",
       "    <tr style=\"text-align: right;\">\n",
       "      <th></th>\n",
       "      <th>Date</th>\n",
       "      <th>Price</th>\n",
       "      <th>Open</th>\n",
       "      <th>High</th>\n",
       "      <th>Low</th>\n",
       "      <th>Vol.</th>\n",
       "      <th>Change %</th>\n",
       "    </tr>\n",
       "  </thead>\n",
       "  <tbody>\n",
       "    <tr>\n",
       "      <th>0</th>\n",
       "      <td>2025-04-20</td>\n",
       "      <td>594.79</td>\n",
       "      <td>591.60</td>\n",
       "      <td>595.09</td>\n",
       "      <td>591.60</td>\n",
       "      <td>4.38M</td>\n",
       "      <td>0.54%</td>\n",
       "    </tr>\n",
       "    <tr>\n",
       "      <th>1</th>\n",
       "      <td>2025-04-19</td>\n",
       "      <td>591.60</td>\n",
       "      <td>591.60</td>\n",
       "      <td>594.40</td>\n",
       "      <td>588.01</td>\n",
       "      <td>2.98M</td>\n",
       "      <td>-0.03%</td>\n",
       "    </tr>\n",
       "    <tr>\n",
       "      <th>2</th>\n",
       "      <td>2025-04-18</td>\n",
       "      <td>591.80</td>\n",
       "      <td>590.40</td>\n",
       "      <td>595.81</td>\n",
       "      <td>587.40</td>\n",
       "      <td>5.11M</td>\n",
       "      <td>0.24%</td>\n",
       "    </tr>\n",
       "    <tr>\n",
       "      <th>3</th>\n",
       "      <td>2025-04-17</td>\n",
       "      <td>590.40</td>\n",
       "      <td>582.70</td>\n",
       "      <td>593.00</td>\n",
       "      <td>580.90</td>\n",
       "      <td>5.29M</td>\n",
       "      <td>1.32%</td>\n",
       "    </tr>\n",
       "    <tr>\n",
       "      <th>4</th>\n",
       "      <td>2025-04-16</td>\n",
       "      <td>582.70</td>\n",
       "      <td>579.50</td>\n",
       "      <td>585.81</td>\n",
       "      <td>576.10</td>\n",
       "      <td>6.03M</td>\n",
       "      <td>0.55%</td>\n",
       "    </tr>\n",
       "    <tr>\n",
       "      <th>...</th>\n",
       "      <td>...</td>\n",
       "      <td>...</td>\n",
       "      <td>...</td>\n",
       "      <td>...</td>\n",
       "      <td>...</td>\n",
       "      <td>...</td>\n",
       "      <td>...</td>\n",
       "    </tr>\n",
       "    <tr>\n",
       "      <th>2715</th>\n",
       "      <td>2017-11-13</td>\n",
       "      <td>1.68</td>\n",
       "      <td>1.49</td>\n",
       "      <td>1.74</td>\n",
       "      <td>1.49</td>\n",
       "      <td>166.01K</td>\n",
       "      <td>12.75%</td>\n",
       "    </tr>\n",
       "    <tr>\n",
       "      <th>2716</th>\n",
       "      <td>2017-11-12</td>\n",
       "      <td>1.49</td>\n",
       "      <td>1.66</td>\n",
       "      <td>1.70</td>\n",
       "      <td>1.34</td>\n",
       "      <td>456.48K</td>\n",
       "      <td>-10.24%</td>\n",
       "    </tr>\n",
       "    <tr>\n",
       "      <th>2717</th>\n",
       "      <td>2017-11-11</td>\n",
       "      <td>1.66</td>\n",
       "      <td>1.71</td>\n",
       "      <td>1.93</td>\n",
       "      <td>1.58</td>\n",
       "      <td>256.71K</td>\n",
       "      <td>-2.92%</td>\n",
       "    </tr>\n",
       "    <tr>\n",
       "      <th>2718</th>\n",
       "      <td>2017-11-10</td>\n",
       "      <td>1.71</td>\n",
       "      <td>1.99</td>\n",
       "      <td>2.02</td>\n",
       "      <td>1.60</td>\n",
       "      <td>483.23K</td>\n",
       "      <td>-14.07%</td>\n",
       "    </tr>\n",
       "    <tr>\n",
       "      <th>2719</th>\n",
       "      <td>2017-11-09</td>\n",
       "      <td>1.99</td>\n",
       "      <td>1.99</td>\n",
       "      <td>2.20</td>\n",
       "      <td>1.90</td>\n",
       "      <td>283.35K</td>\n",
       "      <td>0.00%</td>\n",
       "    </tr>\n",
       "  </tbody>\n",
       "</table>\n",
       "<p>2720 rows × 7 columns</p>\n",
       "</div>"
      ],
      "text/plain": [
       "           Date   Price    Open    High     Low     Vol. Change %\n",
       "0    2025-04-20  594.79  591.60  595.09  591.60    4.38M    0.54%\n",
       "1    2025-04-19  591.60  591.60  594.40  588.01    2.98M   -0.03%\n",
       "2    2025-04-18  591.80  590.40  595.81  587.40    5.11M    0.24%\n",
       "3    2025-04-17  590.40  582.70  593.00  580.90    5.29M    1.32%\n",
       "4    2025-04-16  582.70  579.50  585.81  576.10    6.03M    0.55%\n",
       "...         ...     ...     ...     ...     ...      ...      ...\n",
       "2715 2017-11-13    1.68    1.49    1.74    1.49  166.01K   12.75%\n",
       "2716 2017-11-12    1.49    1.66    1.70    1.34  456.48K  -10.24%\n",
       "2717 2017-11-11    1.66    1.71    1.93    1.58  256.71K   -2.92%\n",
       "2718 2017-11-10    1.71    1.99    2.02    1.60  483.23K  -14.07%\n",
       "2719 2017-11-09    1.99    1.99    2.20    1.90  283.35K    0.00%\n",
       "\n",
       "[2720 rows x 7 columns]"
      ]
     },
     "execution_count": 10,
     "metadata": {},
     "output_type": "execute_result"
    }
   ],
   "source": [
    "# transform Date column to datetime from dd/mm/yyyy\n",
    "df['Date'] = pd.to_datetime(df['Date'], format='%m/%d/%Y')\n",
    "\n",
    "# transform price,open,high,low columns to double\n",
    "df['Price'] = df['Price'].replace(',', '', regex=True).astype(float)\n",
    "df['Open'] = df['Open'].replace(',', '', regex=True).astype(float)\n",
    "df['High'] = df['High'].replace(',', '', regex=True).astype(float)\n",
    "df['Low'] = df['Low'].replace(',', '', regex=True).astype(float)\n",
    "df"
   ]
  },
  {
   "cell_type": "code",
   "execution_count": 11,
   "id": "82b16dc7",
   "metadata": {},
   "outputs": [
    {
     "data": {
      "text/html": [
       "<div>\n",
       "<style scoped>\n",
       "    .dataframe tbody tr th:only-of-type {\n",
       "        vertical-align: middle;\n",
       "    }\n",
       "\n",
       "    .dataframe tbody tr th {\n",
       "        vertical-align: top;\n",
       "    }\n",
       "\n",
       "    .dataframe thead th {\n",
       "        text-align: right;\n",
       "    }\n",
       "</style>\n",
       "<table border=\"1\" class=\"dataframe\">\n",
       "  <thead>\n",
       "    <tr style=\"text-align: right;\">\n",
       "      <th></th>\n",
       "      <th>Date</th>\n",
       "      <th>Price</th>\n",
       "      <th>Open</th>\n",
       "      <th>High</th>\n",
       "      <th>Low</th>\n",
       "      <th>Vol.</th>\n",
       "      <th>Change %</th>\n",
       "    </tr>\n",
       "  </thead>\n",
       "  <tbody>\n",
       "    <tr>\n",
       "      <th>2719</th>\n",
       "      <td>2017-11-09</td>\n",
       "      <td>1.99</td>\n",
       "      <td>1.99</td>\n",
       "      <td>2.20</td>\n",
       "      <td>1.90</td>\n",
       "      <td>283.35K</td>\n",
       "      <td>0.00%</td>\n",
       "    </tr>\n",
       "    <tr>\n",
       "      <th>2718</th>\n",
       "      <td>2017-11-10</td>\n",
       "      <td>1.71</td>\n",
       "      <td>1.99</td>\n",
       "      <td>2.02</td>\n",
       "      <td>1.60</td>\n",
       "      <td>483.23K</td>\n",
       "      <td>-14.07%</td>\n",
       "    </tr>\n",
       "    <tr>\n",
       "      <th>2717</th>\n",
       "      <td>2017-11-11</td>\n",
       "      <td>1.66</td>\n",
       "      <td>1.71</td>\n",
       "      <td>1.93</td>\n",
       "      <td>1.58</td>\n",
       "      <td>256.71K</td>\n",
       "      <td>-2.92%</td>\n",
       "    </tr>\n",
       "    <tr>\n",
       "      <th>2716</th>\n",
       "      <td>2017-11-12</td>\n",
       "      <td>1.49</td>\n",
       "      <td>1.66</td>\n",
       "      <td>1.70</td>\n",
       "      <td>1.34</td>\n",
       "      <td>456.48K</td>\n",
       "      <td>-10.24%</td>\n",
       "    </tr>\n",
       "    <tr>\n",
       "      <th>2715</th>\n",
       "      <td>2017-11-13</td>\n",
       "      <td>1.68</td>\n",
       "      <td>1.49</td>\n",
       "      <td>1.74</td>\n",
       "      <td>1.49</td>\n",
       "      <td>166.01K</td>\n",
       "      <td>12.75%</td>\n",
       "    </tr>\n",
       "    <tr>\n",
       "      <th>...</th>\n",
       "      <td>...</td>\n",
       "      <td>...</td>\n",
       "      <td>...</td>\n",
       "      <td>...</td>\n",
       "      <td>...</td>\n",
       "      <td>...</td>\n",
       "      <td>...</td>\n",
       "    </tr>\n",
       "    <tr>\n",
       "      <th>4</th>\n",
       "      <td>2025-04-16</td>\n",
       "      <td>582.70</td>\n",
       "      <td>579.50</td>\n",
       "      <td>585.81</td>\n",
       "      <td>576.10</td>\n",
       "      <td>6.03M</td>\n",
       "      <td>0.55%</td>\n",
       "    </tr>\n",
       "    <tr>\n",
       "      <th>3</th>\n",
       "      <td>2025-04-17</td>\n",
       "      <td>590.40</td>\n",
       "      <td>582.70</td>\n",
       "      <td>593.00</td>\n",
       "      <td>580.90</td>\n",
       "      <td>5.29M</td>\n",
       "      <td>1.32%</td>\n",
       "    </tr>\n",
       "    <tr>\n",
       "      <th>2</th>\n",
       "      <td>2025-04-18</td>\n",
       "      <td>591.80</td>\n",
       "      <td>590.40</td>\n",
       "      <td>595.81</td>\n",
       "      <td>587.40</td>\n",
       "      <td>5.11M</td>\n",
       "      <td>0.24%</td>\n",
       "    </tr>\n",
       "    <tr>\n",
       "      <th>1</th>\n",
       "      <td>2025-04-19</td>\n",
       "      <td>591.60</td>\n",
       "      <td>591.60</td>\n",
       "      <td>594.40</td>\n",
       "      <td>588.01</td>\n",
       "      <td>2.98M</td>\n",
       "      <td>-0.03%</td>\n",
       "    </tr>\n",
       "    <tr>\n",
       "      <th>0</th>\n",
       "      <td>2025-04-20</td>\n",
       "      <td>594.79</td>\n",
       "      <td>591.60</td>\n",
       "      <td>595.09</td>\n",
       "      <td>591.60</td>\n",
       "      <td>4.38M</td>\n",
       "      <td>0.54%</td>\n",
       "    </tr>\n",
       "  </tbody>\n",
       "</table>\n",
       "<p>2720 rows × 7 columns</p>\n",
       "</div>"
      ],
      "text/plain": [
       "           Date   Price    Open    High     Low     Vol. Change %\n",
       "2719 2017-11-09    1.99    1.99    2.20    1.90  283.35K    0.00%\n",
       "2718 2017-11-10    1.71    1.99    2.02    1.60  483.23K  -14.07%\n",
       "2717 2017-11-11    1.66    1.71    1.93    1.58  256.71K   -2.92%\n",
       "2716 2017-11-12    1.49    1.66    1.70    1.34  456.48K  -10.24%\n",
       "2715 2017-11-13    1.68    1.49    1.74    1.49  166.01K   12.75%\n",
       "...         ...     ...     ...     ...     ...      ...      ...\n",
       "4    2025-04-16  582.70  579.50  585.81  576.10    6.03M    0.55%\n",
       "3    2025-04-17  590.40  582.70  593.00  580.90    5.29M    1.32%\n",
       "2    2025-04-18  591.80  590.40  595.81  587.40    5.11M    0.24%\n",
       "1    2025-04-19  591.60  591.60  594.40  588.01    2.98M   -0.03%\n",
       "0    2025-04-20  594.79  591.60  595.09  591.60    4.38M    0.54%\n",
       "\n",
       "[2720 rows x 7 columns]"
      ]
     },
     "execution_count": 11,
     "metadata": {},
     "output_type": "execute_result"
    }
   ],
   "source": [
    "# reverse the dataframe using Date column\n",
    "df = df.sort_values(by='Date', ascending=True)\n",
    "df"
   ]
  },
  {
   "cell_type": "code",
   "execution_count": 12,
   "id": "fb71abc7",
   "metadata": {},
   "outputs": [
    {
     "data": {
      "text/html": [
       "<div>\n",
       "<style scoped>\n",
       "    .dataframe tbody tr th:only-of-type {\n",
       "        vertical-align: middle;\n",
       "    }\n",
       "\n",
       "    .dataframe tbody tr th {\n",
       "        vertical-align: top;\n",
       "    }\n",
       "\n",
       "    .dataframe thead th {\n",
       "        text-align: right;\n",
       "    }\n",
       "</style>\n",
       "<table border=\"1\" class=\"dataframe\">\n",
       "  <thead>\n",
       "    <tr style=\"text-align: right;\">\n",
       "      <th></th>\n",
       "      <th>Date</th>\n",
       "      <th>Price</th>\n",
       "      <th>Open</th>\n",
       "      <th>High</th>\n",
       "      <th>Low</th>\n",
       "      <th>Vol.</th>\n",
       "      <th>Change %</th>\n",
       "    </tr>\n",
       "  </thead>\n",
       "  <tbody>\n",
       "    <tr>\n",
       "      <th>0</th>\n",
       "      <td>2014-09-18</td>\n",
       "      <td>1.99</td>\n",
       "      <td>1.99</td>\n",
       "      <td>2.20</td>\n",
       "      <td>1.90</td>\n",
       "      <td>283.35K</td>\n",
       "      <td>0.00%</td>\n",
       "    </tr>\n",
       "    <tr>\n",
       "      <th>1</th>\n",
       "      <td>2014-09-19</td>\n",
       "      <td>1.99</td>\n",
       "      <td>1.99</td>\n",
       "      <td>2.20</td>\n",
       "      <td>1.90</td>\n",
       "      <td>283.35K</td>\n",
       "      <td>0.00%</td>\n",
       "    </tr>\n",
       "    <tr>\n",
       "      <th>2</th>\n",
       "      <td>2014-09-20</td>\n",
       "      <td>1.99</td>\n",
       "      <td>1.99</td>\n",
       "      <td>2.20</td>\n",
       "      <td>1.90</td>\n",
       "      <td>283.35K</td>\n",
       "      <td>0.00%</td>\n",
       "    </tr>\n",
       "    <tr>\n",
       "      <th>3</th>\n",
       "      <td>2014-09-21</td>\n",
       "      <td>1.99</td>\n",
       "      <td>1.99</td>\n",
       "      <td>2.20</td>\n",
       "      <td>1.90</td>\n",
       "      <td>283.35K</td>\n",
       "      <td>0.00%</td>\n",
       "    </tr>\n",
       "    <tr>\n",
       "      <th>4</th>\n",
       "      <td>2014-09-22</td>\n",
       "      <td>1.99</td>\n",
       "      <td>1.99</td>\n",
       "      <td>2.20</td>\n",
       "      <td>1.90</td>\n",
       "      <td>283.35K</td>\n",
       "      <td>0.00%</td>\n",
       "    </tr>\n",
       "    <tr>\n",
       "      <th>...</th>\n",
       "      <td>...</td>\n",
       "      <td>...</td>\n",
       "      <td>...</td>\n",
       "      <td>...</td>\n",
       "      <td>...</td>\n",
       "      <td>...</td>\n",
       "      <td>...</td>\n",
       "    </tr>\n",
       "    <tr>\n",
       "      <th>3863</th>\n",
       "      <td>2025-04-16</td>\n",
       "      <td>582.70</td>\n",
       "      <td>579.50</td>\n",
       "      <td>585.81</td>\n",
       "      <td>576.10</td>\n",
       "      <td>6.03M</td>\n",
       "      <td>0.55%</td>\n",
       "    </tr>\n",
       "    <tr>\n",
       "      <th>3864</th>\n",
       "      <td>2025-04-17</td>\n",
       "      <td>590.40</td>\n",
       "      <td>582.70</td>\n",
       "      <td>593.00</td>\n",
       "      <td>580.90</td>\n",
       "      <td>5.29M</td>\n",
       "      <td>1.32%</td>\n",
       "    </tr>\n",
       "    <tr>\n",
       "      <th>3865</th>\n",
       "      <td>2025-04-18</td>\n",
       "      <td>591.80</td>\n",
       "      <td>590.40</td>\n",
       "      <td>595.81</td>\n",
       "      <td>587.40</td>\n",
       "      <td>5.11M</td>\n",
       "      <td>0.24%</td>\n",
       "    </tr>\n",
       "    <tr>\n",
       "      <th>3866</th>\n",
       "      <td>2025-04-19</td>\n",
       "      <td>591.60</td>\n",
       "      <td>591.60</td>\n",
       "      <td>594.40</td>\n",
       "      <td>588.01</td>\n",
       "      <td>2.98M</td>\n",
       "      <td>-0.03%</td>\n",
       "    </tr>\n",
       "    <tr>\n",
       "      <th>3867</th>\n",
       "      <td>2025-04-20</td>\n",
       "      <td>594.79</td>\n",
       "      <td>591.60</td>\n",
       "      <td>595.09</td>\n",
       "      <td>591.60</td>\n",
       "      <td>4.38M</td>\n",
       "      <td>0.54%</td>\n",
       "    </tr>\n",
       "  </tbody>\n",
       "</table>\n",
       "<p>3868 rows × 7 columns</p>\n",
       "</div>"
      ],
      "text/plain": [
       "           Date   Price    Open    High     Low     Vol. Change %\n",
       "0    2014-09-18    1.99    1.99    2.20    1.90  283.35K    0.00%\n",
       "1    2014-09-19    1.99    1.99    2.20    1.90  283.35K    0.00%\n",
       "2    2014-09-20    1.99    1.99    2.20    1.90  283.35K    0.00%\n",
       "3    2014-09-21    1.99    1.99    2.20    1.90  283.35K    0.00%\n",
       "4    2014-09-22    1.99    1.99    2.20    1.90  283.35K    0.00%\n",
       "...         ...     ...     ...     ...     ...      ...      ...\n",
       "3863 2025-04-16  582.70  579.50  585.81  576.10    6.03M    0.55%\n",
       "3864 2025-04-17  590.40  582.70  593.00  580.90    5.29M    1.32%\n",
       "3865 2025-04-18  591.80  590.40  595.81  587.40    5.11M    0.24%\n",
       "3866 2025-04-19  591.60  591.60  594.40  588.01    2.98M   -0.03%\n",
       "3867 2025-04-20  594.79  591.60  595.09  591.60    4.38M    0.54%\n",
       "\n",
       "[3868 rows x 7 columns]"
      ]
     },
     "execution_count": 12,
     "metadata": {},
     "output_type": "execute_result"
    }
   ],
   "source": [
    "start_date = pd.to_datetime('2014-09-18')\n",
    "end_date = pd.to_datetime('2025-04-20')\n",
    "\n",
    "date_range = pd.date_range(start=start_date, end=end_date)\n",
    "df = df.set_index('Date').reindex(date_range, method='nearest').reset_index()\n",
    "df.rename(columns={'index': 'Date'}, inplace=True)\n",
    "df"
   ]
  },
  {
   "cell_type": "code",
   "execution_count": 13,
   "id": "4bac8776",
   "metadata": {},
   "outputs": [],
   "source": [
    "new_df = pd.DataFrame()\n",
    "new_df['Date'] = df['Date']\n",
    "\n",
    "# write to csv file\n",
    "new_df.to_csv('data/data.csv', index=False)"
   ]
  },
  {
   "cell_type": "code",
   "execution_count": 14,
   "id": "154cae69",
   "metadata": {},
   "outputs": [],
   "source": [
    "df_data = pd.read_csv('data/data.csv')\n",
    "\n",
    "# check if date column exists in data/data.csv\n",
    "if 'Date' not in df_data.columns:\n",
    "    # set Date column using df['Date']\n",
    "    df_data['Date'] = df['Date']\n",
    "\n",
    "if 'BNB Open' not in df_data.columns:\n",
    "    df_data['BNB Open'] = df['Open']\n",
    "# convert Date column to datetime\n",
    "df_data['Date'] = pd.to_datetime(df_data['Date'], format='%Y-%m-%d')\n",
    "\n",
    "# check if there are missing newer dates in data/data.csv compared to date_range\n",
    "if df_data['Date'].max() < df['Date'].max():\n",
    "    # add missing dates to data/data.csv\n",
    "    missing_dates = df[~df['Date'].isin(df_data['Date'])]\n",
    "    missing_dates = missing_dates[['Date', 'Open']]\n",
    "    missing_dates.rename(columns={'Open': 'BNB Open'}, inplace=True)\n",
    "    df_data = pd.concat([df_data, missing_dates], ignore_index=True)\n",
    "\n",
    "# write the updated data/data.csv\n",
    "df_data.to_csv('data/data.csv', index=False)"
   ]
  }
 ],
 "metadata": {
  "kernelspec": {
   "display_name": ".venv",
   "language": "python",
   "name": "python3"
  },
  "language_info": {
   "codemirror_mode": {
    "name": "ipython",
    "version": 3
   },
   "file_extension": ".py",
   "mimetype": "text/x-python",
   "name": "python",
   "nbconvert_exporter": "python",
   "pygments_lexer": "ipython3",
   "version": "3.10.12"
  }
 },
 "nbformat": 4,
 "nbformat_minor": 5
}
