{
 "cells": [
  {
   "cell_type": "code",
   "execution_count": 9,
   "id": "f09ded9c",
   "metadata": {},
   "outputs": [],
   "source": [
    "import pandas as pd"
   ]
  },
  {
   "cell_type": "code",
   "execution_count": 10,
   "id": "5a9834d3",
   "metadata": {},
   "outputs": [
    {
     "data": {
      "text/html": [
       "<div>\n",
       "<style scoped>\n",
       "    .dataframe tbody tr th:only-of-type {\n",
       "        vertical-align: middle;\n",
       "    }\n",
       "\n",
       "    .dataframe tbody tr th {\n",
       "        vertical-align: top;\n",
       "    }\n",
       "\n",
       "    .dataframe thead th {\n",
       "        text-align: right;\n",
       "    }\n",
       "</style>\n",
       "<table border=\"1\" class=\"dataframe\">\n",
       "  <thead>\n",
       "    <tr style=\"text-align: right;\">\n",
       "      <th></th>\n",
       "      <th>Date</th>\n",
       "      <th>Price</th>\n",
       "      <th>Open</th>\n",
       "      <th>High</th>\n",
       "      <th>Low</th>\n",
       "      <th>Vol.</th>\n",
       "      <th>Change %</th>\n",
       "    </tr>\n",
       "  </thead>\n",
       "  <tbody>\n",
       "    <tr>\n",
       "      <th>0</th>\n",
       "      <td>04/20/2025</td>\n",
       "      <td>85,236.6</td>\n",
       "      <td>85,075.5</td>\n",
       "      <td>85,321.0</td>\n",
       "      <td>85,048.8</td>\n",
       "      <td>28.94K</td>\n",
       "      <td>0.20%</td>\n",
       "    </tr>\n",
       "    <tr>\n",
       "      <th>1</th>\n",
       "      <td>04/19/2025</td>\n",
       "      <td>85,068.1</td>\n",
       "      <td>84,472.4</td>\n",
       "      <td>85,604.3</td>\n",
       "      <td>84,366.5</td>\n",
       "      <td>32.07K</td>\n",
       "      <td>0.70%</td>\n",
       "    </tr>\n",
       "    <tr>\n",
       "      <th>2</th>\n",
       "      <td>04/18/2025</td>\n",
       "      <td>84,474.6</td>\n",
       "      <td>84,947.7</td>\n",
       "      <td>85,106.1</td>\n",
       "      <td>84,331.0</td>\n",
       "      <td>25.83K</td>\n",
       "      <td>-0.55%</td>\n",
       "    </tr>\n",
       "    <tr>\n",
       "      <th>3</th>\n",
       "      <td>04/17/2025</td>\n",
       "      <td>84,940.0</td>\n",
       "      <td>84,032.2</td>\n",
       "      <td>85,467.3</td>\n",
       "      <td>83,786.2</td>\n",
       "      <td>49.28K</td>\n",
       "      <td>1.08%</td>\n",
       "    </tr>\n",
       "    <tr>\n",
       "      <th>4</th>\n",
       "      <td>04/16/2025</td>\n",
       "      <td>84,032.2</td>\n",
       "      <td>83,648.1</td>\n",
       "      <td>85,438.2</td>\n",
       "      <td>83,143.5</td>\n",
       "      <td>63.97K</td>\n",
       "      <td>0.46%</td>\n",
       "    </tr>\n",
       "    <tr>\n",
       "      <th>...</th>\n",
       "      <td>...</td>\n",
       "      <td>...</td>\n",
       "      <td>...</td>\n",
       "      <td>...</td>\n",
       "      <td>...</td>\n",
       "      <td>...</td>\n",
       "      <td>...</td>\n",
       "    </tr>\n",
       "    <tr>\n",
       "      <th>3863</th>\n",
       "      <td>09/22/2014</td>\n",
       "      <td>404.1</td>\n",
       "      <td>401.6</td>\n",
       "      <td>410.8</td>\n",
       "      <td>398.6</td>\n",
       "      <td>13.52K</td>\n",
       "      <td>0.62%</td>\n",
       "    </tr>\n",
       "    <tr>\n",
       "      <th>3864</th>\n",
       "      <td>09/21/2014</td>\n",
       "      <td>401.6</td>\n",
       "      <td>411.5</td>\n",
       "      <td>415.1</td>\n",
       "      <td>394.5</td>\n",
       "      <td>10.42K</td>\n",
       "      <td>-2.41%</td>\n",
       "    </tr>\n",
       "    <tr>\n",
       "      <th>3865</th>\n",
       "      <td>09/20/2014</td>\n",
       "      <td>411.5</td>\n",
       "      <td>397.7</td>\n",
       "      <td>427.7</td>\n",
       "      <td>387.5</td>\n",
       "      <td>14.29K</td>\n",
       "      <td>3.49%</td>\n",
       "    </tr>\n",
       "    <tr>\n",
       "      <th>3866</th>\n",
       "      <td>09/19/2014</td>\n",
       "      <td>397.7</td>\n",
       "      <td>424.3</td>\n",
       "      <td>429.2</td>\n",
       "      <td>386.1</td>\n",
       "      <td>14.97K</td>\n",
       "      <td>-6.27%</td>\n",
       "    </tr>\n",
       "    <tr>\n",
       "      <th>3867</th>\n",
       "      <td>09/18/2014</td>\n",
       "      <td>424.3</td>\n",
       "      <td>461.1</td>\n",
       "      <td>462.3</td>\n",
       "      <td>408.8</td>\n",
       "      <td>8.93K</td>\n",
       "      <td>-7.99%</td>\n",
       "    </tr>\n",
       "  </tbody>\n",
       "</table>\n",
       "<p>3868 rows × 7 columns</p>\n",
       "</div>"
      ],
      "text/plain": [
       "            Date     Price      Open      High       Low    Vol. Change %\n",
       "0     04/20/2025  85,236.6  85,075.5  85,321.0  85,048.8  28.94K    0.20%\n",
       "1     04/19/2025  85,068.1  84,472.4  85,604.3  84,366.5  32.07K    0.70%\n",
       "2     04/18/2025  84,474.6  84,947.7  85,106.1  84,331.0  25.83K   -0.55%\n",
       "3     04/17/2025  84,940.0  84,032.2  85,467.3  83,786.2  49.28K    1.08%\n",
       "4     04/16/2025  84,032.2  83,648.1  85,438.2  83,143.5  63.97K    0.46%\n",
       "...          ...       ...       ...       ...       ...     ...      ...\n",
       "3863  09/22/2014     404.1     401.6     410.8     398.6  13.52K    0.62%\n",
       "3864  09/21/2014     401.6     411.5     415.1     394.5  10.42K   -2.41%\n",
       "3865  09/20/2014     411.5     397.7     427.7     387.5  14.29K    3.49%\n",
       "3866  09/19/2014     397.7     424.3     429.2     386.1  14.97K   -6.27%\n",
       "3867  09/18/2014     424.3     461.1     462.3     408.8   8.93K   -7.99%\n",
       "\n",
       "[3868 rows x 7 columns]"
      ]
     },
     "execution_count": 10,
     "metadata": {},
     "output_type": "execute_result"
    }
   ],
   "source": [
    "df = pd.read_csv('data/btc.csv')\n",
    "df"
   ]
  },
  {
   "cell_type": "code",
   "execution_count": 11,
   "id": "caf14719",
   "metadata": {},
   "outputs": [
    {
     "data": {
      "text/html": [
       "<div>\n",
       "<style scoped>\n",
       "    .dataframe tbody tr th:only-of-type {\n",
       "        vertical-align: middle;\n",
       "    }\n",
       "\n",
       "    .dataframe tbody tr th {\n",
       "        vertical-align: top;\n",
       "    }\n",
       "\n",
       "    .dataframe thead th {\n",
       "        text-align: right;\n",
       "    }\n",
       "</style>\n",
       "<table border=\"1\" class=\"dataframe\">\n",
       "  <thead>\n",
       "    <tr style=\"text-align: right;\">\n",
       "      <th></th>\n",
       "      <th>Date</th>\n",
       "      <th>Price</th>\n",
       "      <th>Open</th>\n",
       "      <th>High</th>\n",
       "      <th>Low</th>\n",
       "      <th>Vol.</th>\n",
       "      <th>Change %</th>\n",
       "    </tr>\n",
       "  </thead>\n",
       "  <tbody>\n",
       "    <tr>\n",
       "      <th>0</th>\n",
       "      <td>2025-04-20</td>\n",
       "      <td>85236.6</td>\n",
       "      <td>85075.5</td>\n",
       "      <td>85321.0</td>\n",
       "      <td>85048.8</td>\n",
       "      <td>28.94K</td>\n",
       "      <td>0.20%</td>\n",
       "    </tr>\n",
       "    <tr>\n",
       "      <th>1</th>\n",
       "      <td>2025-04-19</td>\n",
       "      <td>85068.1</td>\n",
       "      <td>84472.4</td>\n",
       "      <td>85604.3</td>\n",
       "      <td>84366.5</td>\n",
       "      <td>32.07K</td>\n",
       "      <td>0.70%</td>\n",
       "    </tr>\n",
       "    <tr>\n",
       "      <th>2</th>\n",
       "      <td>2025-04-18</td>\n",
       "      <td>84474.6</td>\n",
       "      <td>84947.7</td>\n",
       "      <td>85106.1</td>\n",
       "      <td>84331.0</td>\n",
       "      <td>25.83K</td>\n",
       "      <td>-0.55%</td>\n",
       "    </tr>\n",
       "    <tr>\n",
       "      <th>3</th>\n",
       "      <td>2025-04-17</td>\n",
       "      <td>84940.0</td>\n",
       "      <td>84032.2</td>\n",
       "      <td>85467.3</td>\n",
       "      <td>83786.2</td>\n",
       "      <td>49.28K</td>\n",
       "      <td>1.08%</td>\n",
       "    </tr>\n",
       "    <tr>\n",
       "      <th>4</th>\n",
       "      <td>2025-04-16</td>\n",
       "      <td>84032.2</td>\n",
       "      <td>83648.1</td>\n",
       "      <td>85438.2</td>\n",
       "      <td>83143.5</td>\n",
       "      <td>63.97K</td>\n",
       "      <td>0.46%</td>\n",
       "    </tr>\n",
       "    <tr>\n",
       "      <th>...</th>\n",
       "      <td>...</td>\n",
       "      <td>...</td>\n",
       "      <td>...</td>\n",
       "      <td>...</td>\n",
       "      <td>...</td>\n",
       "      <td>...</td>\n",
       "      <td>...</td>\n",
       "    </tr>\n",
       "    <tr>\n",
       "      <th>3863</th>\n",
       "      <td>2014-09-22</td>\n",
       "      <td>404.1</td>\n",
       "      <td>401.6</td>\n",
       "      <td>410.8</td>\n",
       "      <td>398.6</td>\n",
       "      <td>13.52K</td>\n",
       "      <td>0.62%</td>\n",
       "    </tr>\n",
       "    <tr>\n",
       "      <th>3864</th>\n",
       "      <td>2014-09-21</td>\n",
       "      <td>401.6</td>\n",
       "      <td>411.5</td>\n",
       "      <td>415.1</td>\n",
       "      <td>394.5</td>\n",
       "      <td>10.42K</td>\n",
       "      <td>-2.41%</td>\n",
       "    </tr>\n",
       "    <tr>\n",
       "      <th>3865</th>\n",
       "      <td>2014-09-20</td>\n",
       "      <td>411.5</td>\n",
       "      <td>397.7</td>\n",
       "      <td>427.7</td>\n",
       "      <td>387.5</td>\n",
       "      <td>14.29K</td>\n",
       "      <td>3.49%</td>\n",
       "    </tr>\n",
       "    <tr>\n",
       "      <th>3866</th>\n",
       "      <td>2014-09-19</td>\n",
       "      <td>397.7</td>\n",
       "      <td>424.3</td>\n",
       "      <td>429.2</td>\n",
       "      <td>386.1</td>\n",
       "      <td>14.97K</td>\n",
       "      <td>-6.27%</td>\n",
       "    </tr>\n",
       "    <tr>\n",
       "      <th>3867</th>\n",
       "      <td>2014-09-18</td>\n",
       "      <td>424.3</td>\n",
       "      <td>461.1</td>\n",
       "      <td>462.3</td>\n",
       "      <td>408.8</td>\n",
       "      <td>8.93K</td>\n",
       "      <td>-7.99%</td>\n",
       "    </tr>\n",
       "  </tbody>\n",
       "</table>\n",
       "<p>3868 rows × 7 columns</p>\n",
       "</div>"
      ],
      "text/plain": [
       "           Date    Price     Open     High      Low    Vol. Change %\n",
       "0    2025-04-20  85236.6  85075.5  85321.0  85048.8  28.94K    0.20%\n",
       "1    2025-04-19  85068.1  84472.4  85604.3  84366.5  32.07K    0.70%\n",
       "2    2025-04-18  84474.6  84947.7  85106.1  84331.0  25.83K   -0.55%\n",
       "3    2025-04-17  84940.0  84032.2  85467.3  83786.2  49.28K    1.08%\n",
       "4    2025-04-16  84032.2  83648.1  85438.2  83143.5  63.97K    0.46%\n",
       "...         ...      ...      ...      ...      ...     ...      ...\n",
       "3863 2014-09-22    404.1    401.6    410.8    398.6  13.52K    0.62%\n",
       "3864 2014-09-21    401.6    411.5    415.1    394.5  10.42K   -2.41%\n",
       "3865 2014-09-20    411.5    397.7    427.7    387.5  14.29K    3.49%\n",
       "3866 2014-09-19    397.7    424.3    429.2    386.1  14.97K   -6.27%\n",
       "3867 2014-09-18    424.3    461.1    462.3    408.8   8.93K   -7.99%\n",
       "\n",
       "[3868 rows x 7 columns]"
      ]
     },
     "execution_count": 11,
     "metadata": {},
     "output_type": "execute_result"
    }
   ],
   "source": [
    "# transform Date column to datetime from dd/mm/yyyy\n",
    "df['Date'] = pd.to_datetime(df['Date'], format='%m/%d/%Y')\n",
    "\n",
    "# transform price,open,high,low columns to double\n",
    "df['Price'] = df['Price'].replace(',', '', regex=True).astype(float)\n",
    "df['Open'] = df['Open'].replace(',', '', regex=True).astype(float)\n",
    "df['High'] = df['High'].replace(',', '', regex=True).astype(float)\n",
    "df['Low'] = df['Low'].replace(',', '', regex=True).astype(float)\n",
    "df"
   ]
  },
  {
   "cell_type": "code",
   "execution_count": 12,
   "id": "82b16dc7",
   "metadata": {},
   "outputs": [
    {
     "data": {
      "text/html": [
       "<div>\n",
       "<style scoped>\n",
       "    .dataframe tbody tr th:only-of-type {\n",
       "        vertical-align: middle;\n",
       "    }\n",
       "\n",
       "    .dataframe tbody tr th {\n",
       "        vertical-align: top;\n",
       "    }\n",
       "\n",
       "    .dataframe thead th {\n",
       "        text-align: right;\n",
       "    }\n",
       "</style>\n",
       "<table border=\"1\" class=\"dataframe\">\n",
       "  <thead>\n",
       "    <tr style=\"text-align: right;\">\n",
       "      <th></th>\n",
       "      <th>Date</th>\n",
       "      <th>Price</th>\n",
       "      <th>Open</th>\n",
       "      <th>High</th>\n",
       "      <th>Low</th>\n",
       "      <th>Vol.</th>\n",
       "      <th>Change %</th>\n",
       "    </tr>\n",
       "  </thead>\n",
       "  <tbody>\n",
       "    <tr>\n",
       "      <th>3867</th>\n",
       "      <td>2014-09-18</td>\n",
       "      <td>424.3</td>\n",
       "      <td>461.1</td>\n",
       "      <td>462.3</td>\n",
       "      <td>408.8</td>\n",
       "      <td>8.93K</td>\n",
       "      <td>-7.99%</td>\n",
       "    </tr>\n",
       "    <tr>\n",
       "      <th>3866</th>\n",
       "      <td>2014-09-19</td>\n",
       "      <td>397.7</td>\n",
       "      <td>424.3</td>\n",
       "      <td>429.2</td>\n",
       "      <td>386.1</td>\n",
       "      <td>14.97K</td>\n",
       "      <td>-6.27%</td>\n",
       "    </tr>\n",
       "    <tr>\n",
       "      <th>3865</th>\n",
       "      <td>2014-09-20</td>\n",
       "      <td>411.5</td>\n",
       "      <td>397.7</td>\n",
       "      <td>427.7</td>\n",
       "      <td>387.5</td>\n",
       "      <td>14.29K</td>\n",
       "      <td>3.49%</td>\n",
       "    </tr>\n",
       "    <tr>\n",
       "      <th>3864</th>\n",
       "      <td>2014-09-21</td>\n",
       "      <td>401.6</td>\n",
       "      <td>411.5</td>\n",
       "      <td>415.1</td>\n",
       "      <td>394.5</td>\n",
       "      <td>10.42K</td>\n",
       "      <td>-2.41%</td>\n",
       "    </tr>\n",
       "    <tr>\n",
       "      <th>3863</th>\n",
       "      <td>2014-09-22</td>\n",
       "      <td>404.1</td>\n",
       "      <td>401.6</td>\n",
       "      <td>410.8</td>\n",
       "      <td>398.6</td>\n",
       "      <td>13.52K</td>\n",
       "      <td>0.62%</td>\n",
       "    </tr>\n",
       "    <tr>\n",
       "      <th>...</th>\n",
       "      <td>...</td>\n",
       "      <td>...</td>\n",
       "      <td>...</td>\n",
       "      <td>...</td>\n",
       "      <td>...</td>\n",
       "      <td>...</td>\n",
       "      <td>...</td>\n",
       "    </tr>\n",
       "    <tr>\n",
       "      <th>4</th>\n",
       "      <td>2025-04-16</td>\n",
       "      <td>84032.2</td>\n",
       "      <td>83648.1</td>\n",
       "      <td>85438.2</td>\n",
       "      <td>83143.5</td>\n",
       "      <td>63.97K</td>\n",
       "      <td>0.46%</td>\n",
       "    </tr>\n",
       "    <tr>\n",
       "      <th>3</th>\n",
       "      <td>2025-04-17</td>\n",
       "      <td>84940.0</td>\n",
       "      <td>84032.2</td>\n",
       "      <td>85467.3</td>\n",
       "      <td>83786.2</td>\n",
       "      <td>49.28K</td>\n",
       "      <td>1.08%</td>\n",
       "    </tr>\n",
       "    <tr>\n",
       "      <th>2</th>\n",
       "      <td>2025-04-18</td>\n",
       "      <td>84474.6</td>\n",
       "      <td>84947.7</td>\n",
       "      <td>85106.1</td>\n",
       "      <td>84331.0</td>\n",
       "      <td>25.83K</td>\n",
       "      <td>-0.55%</td>\n",
       "    </tr>\n",
       "    <tr>\n",
       "      <th>1</th>\n",
       "      <td>2025-04-19</td>\n",
       "      <td>85068.1</td>\n",
       "      <td>84472.4</td>\n",
       "      <td>85604.3</td>\n",
       "      <td>84366.5</td>\n",
       "      <td>32.07K</td>\n",
       "      <td>0.70%</td>\n",
       "    </tr>\n",
       "    <tr>\n",
       "      <th>0</th>\n",
       "      <td>2025-04-20</td>\n",
       "      <td>85236.6</td>\n",
       "      <td>85075.5</td>\n",
       "      <td>85321.0</td>\n",
       "      <td>85048.8</td>\n",
       "      <td>28.94K</td>\n",
       "      <td>0.20%</td>\n",
       "    </tr>\n",
       "  </tbody>\n",
       "</table>\n",
       "<p>3868 rows × 7 columns</p>\n",
       "</div>"
      ],
      "text/plain": [
       "           Date    Price     Open     High      Low    Vol. Change %\n",
       "3867 2014-09-18    424.3    461.1    462.3    408.8   8.93K   -7.99%\n",
       "3866 2014-09-19    397.7    424.3    429.2    386.1  14.97K   -6.27%\n",
       "3865 2014-09-20    411.5    397.7    427.7    387.5  14.29K    3.49%\n",
       "3864 2014-09-21    401.6    411.5    415.1    394.5  10.42K   -2.41%\n",
       "3863 2014-09-22    404.1    401.6    410.8    398.6  13.52K    0.62%\n",
       "...         ...      ...      ...      ...      ...     ...      ...\n",
       "4    2025-04-16  84032.2  83648.1  85438.2  83143.5  63.97K    0.46%\n",
       "3    2025-04-17  84940.0  84032.2  85467.3  83786.2  49.28K    1.08%\n",
       "2    2025-04-18  84474.6  84947.7  85106.1  84331.0  25.83K   -0.55%\n",
       "1    2025-04-19  85068.1  84472.4  85604.3  84366.5  32.07K    0.70%\n",
       "0    2025-04-20  85236.6  85075.5  85321.0  85048.8  28.94K    0.20%\n",
       "\n",
       "[3868 rows x 7 columns]"
      ]
     },
     "execution_count": 12,
     "metadata": {},
     "output_type": "execute_result"
    }
   ],
   "source": [
    "# reverse the dataframe using Date column\n",
    "df = df.sort_values(by='Date', ascending=True)\n",
    "df"
   ]
  },
  {
   "cell_type": "code",
   "execution_count": 13,
   "id": "fb71abc7",
   "metadata": {},
   "outputs": [
    {
     "data": {
      "text/html": [
       "<div>\n",
       "<style scoped>\n",
       "    .dataframe tbody tr th:only-of-type {\n",
       "        vertical-align: middle;\n",
       "    }\n",
       "\n",
       "    .dataframe tbody tr th {\n",
       "        vertical-align: top;\n",
       "    }\n",
       "\n",
       "    .dataframe thead th {\n",
       "        text-align: right;\n",
       "    }\n",
       "</style>\n",
       "<table border=\"1\" class=\"dataframe\">\n",
       "  <thead>\n",
       "    <tr style=\"text-align: right;\">\n",
       "      <th></th>\n",
       "      <th>Date</th>\n",
       "      <th>Price</th>\n",
       "      <th>Open</th>\n",
       "      <th>High</th>\n",
       "      <th>Low</th>\n",
       "      <th>Vol.</th>\n",
       "      <th>Change %</th>\n",
       "    </tr>\n",
       "  </thead>\n",
       "  <tbody>\n",
       "    <tr>\n",
       "      <th>0</th>\n",
       "      <td>2014-09-18</td>\n",
       "      <td>424.3</td>\n",
       "      <td>461.1</td>\n",
       "      <td>462.3</td>\n",
       "      <td>408.8</td>\n",
       "      <td>8.93K</td>\n",
       "      <td>-7.99%</td>\n",
       "    </tr>\n",
       "    <tr>\n",
       "      <th>1</th>\n",
       "      <td>2014-09-19</td>\n",
       "      <td>397.7</td>\n",
       "      <td>424.3</td>\n",
       "      <td>429.2</td>\n",
       "      <td>386.1</td>\n",
       "      <td>14.97K</td>\n",
       "      <td>-6.27%</td>\n",
       "    </tr>\n",
       "    <tr>\n",
       "      <th>2</th>\n",
       "      <td>2014-09-20</td>\n",
       "      <td>411.5</td>\n",
       "      <td>397.7</td>\n",
       "      <td>427.7</td>\n",
       "      <td>387.5</td>\n",
       "      <td>14.29K</td>\n",
       "      <td>3.49%</td>\n",
       "    </tr>\n",
       "    <tr>\n",
       "      <th>3</th>\n",
       "      <td>2014-09-21</td>\n",
       "      <td>401.6</td>\n",
       "      <td>411.5</td>\n",
       "      <td>415.1</td>\n",
       "      <td>394.5</td>\n",
       "      <td>10.42K</td>\n",
       "      <td>-2.41%</td>\n",
       "    </tr>\n",
       "    <tr>\n",
       "      <th>4</th>\n",
       "      <td>2014-09-22</td>\n",
       "      <td>404.1</td>\n",
       "      <td>401.6</td>\n",
       "      <td>410.8</td>\n",
       "      <td>398.6</td>\n",
       "      <td>13.52K</td>\n",
       "      <td>0.62%</td>\n",
       "    </tr>\n",
       "    <tr>\n",
       "      <th>...</th>\n",
       "      <td>...</td>\n",
       "      <td>...</td>\n",
       "      <td>...</td>\n",
       "      <td>...</td>\n",
       "      <td>...</td>\n",
       "      <td>...</td>\n",
       "      <td>...</td>\n",
       "    </tr>\n",
       "    <tr>\n",
       "      <th>3863</th>\n",
       "      <td>2025-04-16</td>\n",
       "      <td>84032.2</td>\n",
       "      <td>83648.1</td>\n",
       "      <td>85438.2</td>\n",
       "      <td>83143.5</td>\n",
       "      <td>63.97K</td>\n",
       "      <td>0.46%</td>\n",
       "    </tr>\n",
       "    <tr>\n",
       "      <th>3864</th>\n",
       "      <td>2025-04-17</td>\n",
       "      <td>84940.0</td>\n",
       "      <td>84032.2</td>\n",
       "      <td>85467.3</td>\n",
       "      <td>83786.2</td>\n",
       "      <td>49.28K</td>\n",
       "      <td>1.08%</td>\n",
       "    </tr>\n",
       "    <tr>\n",
       "      <th>3865</th>\n",
       "      <td>2025-04-18</td>\n",
       "      <td>84474.6</td>\n",
       "      <td>84947.7</td>\n",
       "      <td>85106.1</td>\n",
       "      <td>84331.0</td>\n",
       "      <td>25.83K</td>\n",
       "      <td>-0.55%</td>\n",
       "    </tr>\n",
       "    <tr>\n",
       "      <th>3866</th>\n",
       "      <td>2025-04-19</td>\n",
       "      <td>85068.1</td>\n",
       "      <td>84472.4</td>\n",
       "      <td>85604.3</td>\n",
       "      <td>84366.5</td>\n",
       "      <td>32.07K</td>\n",
       "      <td>0.70%</td>\n",
       "    </tr>\n",
       "    <tr>\n",
       "      <th>3867</th>\n",
       "      <td>2025-04-20</td>\n",
       "      <td>85236.6</td>\n",
       "      <td>85075.5</td>\n",
       "      <td>85321.0</td>\n",
       "      <td>85048.8</td>\n",
       "      <td>28.94K</td>\n",
       "      <td>0.20%</td>\n",
       "    </tr>\n",
       "  </tbody>\n",
       "</table>\n",
       "<p>3868 rows × 7 columns</p>\n",
       "</div>"
      ],
      "text/plain": [
       "           Date    Price     Open     High      Low    Vol. Change %\n",
       "0    2014-09-18    424.3    461.1    462.3    408.8   8.93K   -7.99%\n",
       "1    2014-09-19    397.7    424.3    429.2    386.1  14.97K   -6.27%\n",
       "2    2014-09-20    411.5    397.7    427.7    387.5  14.29K    3.49%\n",
       "3    2014-09-21    401.6    411.5    415.1    394.5  10.42K   -2.41%\n",
       "4    2014-09-22    404.1    401.6    410.8    398.6  13.52K    0.62%\n",
       "...         ...      ...      ...      ...      ...     ...      ...\n",
       "3863 2025-04-16  84032.2  83648.1  85438.2  83143.5  63.97K    0.46%\n",
       "3864 2025-04-17  84940.0  84032.2  85467.3  83786.2  49.28K    1.08%\n",
       "3865 2025-04-18  84474.6  84947.7  85106.1  84331.0  25.83K   -0.55%\n",
       "3866 2025-04-19  85068.1  84472.4  85604.3  84366.5  32.07K    0.70%\n",
       "3867 2025-04-20  85236.6  85075.5  85321.0  85048.8  28.94K    0.20%\n",
       "\n",
       "[3868 rows x 7 columns]"
      ]
     },
     "execution_count": 13,
     "metadata": {},
     "output_type": "execute_result"
    }
   ],
   "source": [
    "start_date = pd.to_datetime('2014-09-18')\n",
    "end_date = pd.to_datetime('2025-04-20')\n",
    "\n",
    "date_range = pd.date_range(start=start_date, end=end_date)\n",
    "df = df.set_index('Date').reindex(date_range, method='nearest').reset_index()\n",
    "df.rename(columns={'index': 'Date'}, inplace=True)\n",
    "df"
   ]
  },
  {
   "cell_type": "code",
   "execution_count": 14,
   "id": "154cae69",
   "metadata": {},
   "outputs": [],
   "source": [
    "df_data = pd.read_csv('data/data.csv')\n",
    "\n",
    "# check if date column exists in data/data.csv\n",
    "if 'Date' not in df_data.columns:\n",
    "    # set Date column using df['Date']\n",
    "    df_data['Date'] = df['Date']\n",
    "\n",
    "if 'BTC Close' not in df_data.columns:\n",
    "    df_data['BTC Close'] = df['Price']\n",
    "if 'BTC Open' not in df_data.columns:\n",
    "    df_data['BTC Open'] = df['Open']\n",
    "\n",
    "# convert Date column to datetime\n",
    "df_data['Date'] = pd.to_datetime(df_data['Date'], format='%Y-%m-%d')\n",
    "\n",
    "# check if there are missing newer dates in data/data.csv compared to date_range\n",
    "if df_data['Date'].max() < df['Date'].max():\n",
    "    # add missing dates to data/data.csv\n",
    "    missing_dates = df[~df['Date'].isin(df_data['Date'])]\n",
    "    missing_dates = missing_dates[['Date', 'Price', 'Open']]\n",
    "    missing_dates.rename(columns={'Price': 'BTC Close'}, inplace=True)\n",
    "    missing_dates.rename(columns={'Open': 'BTC Open'}, inplace=True)\n",
    "    df_data = pd.concat([df_data, missing_dates], ignore_index=True)\n",
    "\n",
    "# write the updated data/data.csv\n",
    "df_data.to_csv('data/data.csv', index=False)"
   ]
  }
 ],
 "metadata": {
  "kernelspec": {
   "display_name": ".venv",
   "language": "python",
   "name": "python3"
  },
  "language_info": {
   "codemirror_mode": {
    "name": "ipython",
    "version": 3
   },
   "file_extension": ".py",
   "mimetype": "text/x-python",
   "name": "python",
   "nbconvert_exporter": "python",
   "pygments_lexer": "ipython3",
   "version": "3.10.12"
  }
 },
 "nbformat": 4,
 "nbformat_minor": 5
}
