{
 "cells": [
  {
   "cell_type": "code",
   "execution_count": 7,
   "id": "f09ded9c",
   "metadata": {},
   "outputs": [],
   "source": [
    "import pandas as pd"
   ]
  },
  {
   "cell_type": "code",
   "execution_count": 8,
   "id": "5a9834d3",
   "metadata": {},
   "outputs": [
    {
     "data": {
      "text/html": [
       "<div>\n",
       "<style scoped>\n",
       "    .dataframe tbody tr th:only-of-type {\n",
       "        vertical-align: middle;\n",
       "    }\n",
       "\n",
       "    .dataframe tbody tr th {\n",
       "        vertical-align: top;\n",
       "    }\n",
       "\n",
       "    .dataframe thead th {\n",
       "        text-align: right;\n",
       "    }\n",
       "</style>\n",
       "<table border=\"1\" class=\"dataframe\">\n",
       "  <thead>\n",
       "    <tr style=\"text-align: right;\">\n",
       "      <th></th>\n",
       "      <th>Date</th>\n",
       "      <th>Price</th>\n",
       "      <th>Open</th>\n",
       "      <th>High</th>\n",
       "      <th>Low</th>\n",
       "      <th>Vol.</th>\n",
       "      <th>Change %</th>\n",
       "    </tr>\n",
       "  </thead>\n",
       "  <tbody>\n",
       "    <tr>\n",
       "      <th>0</th>\n",
       "      <td>04/20/2025</td>\n",
       "      <td>0.158894</td>\n",
       "      <td>0.157330</td>\n",
       "      <td>0.159400</td>\n",
       "      <td>0.157107</td>\n",
       "      <td>400.25M</td>\n",
       "      <td>1.04%</td>\n",
       "    </tr>\n",
       "    <tr>\n",
       "      <th>1</th>\n",
       "      <td>04/19/2025</td>\n",
       "      <td>0.157266</td>\n",
       "      <td>0.157574</td>\n",
       "      <td>0.160837</td>\n",
       "      <td>0.156400</td>\n",
       "      <td>452.64M</td>\n",
       "      <td>-0.21%</td>\n",
       "    </tr>\n",
       "    <tr>\n",
       "      <th>2</th>\n",
       "      <td>04/18/2025</td>\n",
       "      <td>0.157595</td>\n",
       "      <td>0.155837</td>\n",
       "      <td>0.158875</td>\n",
       "      <td>0.153597</td>\n",
       "      <td>455.52M</td>\n",
       "      <td>1.14%</td>\n",
       "    </tr>\n",
       "    <tr>\n",
       "      <th>3</th>\n",
       "      <td>04/17/2025</td>\n",
       "      <td>0.155817</td>\n",
       "      <td>0.154725</td>\n",
       "      <td>0.159400</td>\n",
       "      <td>0.153089</td>\n",
       "      <td>622.97M</td>\n",
       "      <td>0.71%</td>\n",
       "    </tr>\n",
       "    <tr>\n",
       "      <th>4</th>\n",
       "      <td>04/16/2025</td>\n",
       "      <td>0.154711</td>\n",
       "      <td>0.153564</td>\n",
       "      <td>0.157234</td>\n",
       "      <td>0.150357</td>\n",
       "      <td>1.01B</td>\n",
       "      <td>0.74%</td>\n",
       "    </tr>\n",
       "    <tr>\n",
       "      <th>...</th>\n",
       "      <td>...</td>\n",
       "      <td>...</td>\n",
       "      <td>...</td>\n",
       "      <td>...</td>\n",
       "      <td>...</td>\n",
       "      <td>...</td>\n",
       "      <td>...</td>\n",
       "    </tr>\n",
       "    <tr>\n",
       "      <th>2874</th>\n",
       "      <td>06/07/2017</td>\n",
       "      <td>0.003250</td>\n",
       "      <td>0.003617</td>\n",
       "      <td>0.003950</td>\n",
       "      <td>0.003132</td>\n",
       "      <td>1.37M</td>\n",
       "      <td>-10.15%</td>\n",
       "    </tr>\n",
       "    <tr>\n",
       "      <th>2875</th>\n",
       "      <td>06/06/2017</td>\n",
       "      <td>0.003617</td>\n",
       "      <td>0.003718</td>\n",
       "      <td>0.003718</td>\n",
       "      <td>0.003152</td>\n",
       "      <td>2.11M</td>\n",
       "      <td>-2.72%</td>\n",
       "    </tr>\n",
       "    <tr>\n",
       "      <th>2876</th>\n",
       "      <td>06/05/2017</td>\n",
       "      <td>0.003718</td>\n",
       "      <td>0.003770</td>\n",
       "      <td>0.003825</td>\n",
       "      <td>0.002923</td>\n",
       "      <td>4.82M</td>\n",
       "      <td>-1.38%</td>\n",
       "    </tr>\n",
       "    <tr>\n",
       "      <th>2877</th>\n",
       "      <td>06/04/2017</td>\n",
       "      <td>0.003770</td>\n",
       "      <td>0.003213</td>\n",
       "      <td>0.003770</td>\n",
       "      <td>0.002544</td>\n",
       "      <td>5.96M</td>\n",
       "      <td>17.34%</td>\n",
       "    </tr>\n",
       "    <tr>\n",
       "      <th>2878</th>\n",
       "      <td>06/03/2017</td>\n",
       "      <td>0.003213</td>\n",
       "      <td>0.002803</td>\n",
       "      <td>0.003398</td>\n",
       "      <td>0.002655</td>\n",
       "      <td>4.37M</td>\n",
       "      <td>14.63%</td>\n",
       "    </tr>\n",
       "  </tbody>\n",
       "</table>\n",
       "<p>2879 rows × 7 columns</p>\n",
       "</div>"
      ],
      "text/plain": [
       "            Date     Price      Open      High       Low     Vol. Change %\n",
       "0     04/20/2025  0.158894  0.157330  0.159400  0.157107  400.25M    1.04%\n",
       "1     04/19/2025  0.157266  0.157574  0.160837  0.156400  452.64M   -0.21%\n",
       "2     04/18/2025  0.157595  0.155837  0.158875  0.153597  455.52M    1.14%\n",
       "3     04/17/2025  0.155817  0.154725  0.159400  0.153089  622.97M    0.71%\n",
       "4     04/16/2025  0.154711  0.153564  0.157234  0.150357    1.01B    0.74%\n",
       "...          ...       ...       ...       ...       ...      ...      ...\n",
       "2874  06/07/2017  0.003250  0.003617  0.003950  0.003132    1.37M  -10.15%\n",
       "2875  06/06/2017  0.003617  0.003718  0.003718  0.003152    2.11M   -2.72%\n",
       "2876  06/05/2017  0.003718  0.003770  0.003825  0.002923    4.82M   -1.38%\n",
       "2877  06/04/2017  0.003770  0.003213  0.003770  0.002544    5.96M   17.34%\n",
       "2878  06/03/2017  0.003213  0.002803  0.003398  0.002655    4.37M   14.63%\n",
       "\n",
       "[2879 rows x 7 columns]"
      ]
     },
     "execution_count": 8,
     "metadata": {},
     "output_type": "execute_result"
    }
   ],
   "source": [
    "df = pd.read_csv('data/doge.csv')\n",
    "df"
   ]
  },
  {
   "cell_type": "code",
   "execution_count": 9,
   "id": "caf14719",
   "metadata": {},
   "outputs": [
    {
     "data": {
      "text/html": [
       "<div>\n",
       "<style scoped>\n",
       "    .dataframe tbody tr th:only-of-type {\n",
       "        vertical-align: middle;\n",
       "    }\n",
       "\n",
       "    .dataframe tbody tr th {\n",
       "        vertical-align: top;\n",
       "    }\n",
       "\n",
       "    .dataframe thead th {\n",
       "        text-align: right;\n",
       "    }\n",
       "</style>\n",
       "<table border=\"1\" class=\"dataframe\">\n",
       "  <thead>\n",
       "    <tr style=\"text-align: right;\">\n",
       "      <th></th>\n",
       "      <th>Date</th>\n",
       "      <th>Price</th>\n",
       "      <th>Open</th>\n",
       "      <th>High</th>\n",
       "      <th>Low</th>\n",
       "      <th>Vol.</th>\n",
       "      <th>Change %</th>\n",
       "    </tr>\n",
       "  </thead>\n",
       "  <tbody>\n",
       "    <tr>\n",
       "      <th>0</th>\n",
       "      <td>2025-04-20</td>\n",
       "      <td>0.158894</td>\n",
       "      <td>0.157330</td>\n",
       "      <td>0.159400</td>\n",
       "      <td>0.157107</td>\n",
       "      <td>400.25M</td>\n",
       "      <td>1.04%</td>\n",
       "    </tr>\n",
       "    <tr>\n",
       "      <th>1</th>\n",
       "      <td>2025-04-19</td>\n",
       "      <td>0.157266</td>\n",
       "      <td>0.157574</td>\n",
       "      <td>0.160837</td>\n",
       "      <td>0.156400</td>\n",
       "      <td>452.64M</td>\n",
       "      <td>-0.21%</td>\n",
       "    </tr>\n",
       "    <tr>\n",
       "      <th>2</th>\n",
       "      <td>2025-04-18</td>\n",
       "      <td>0.157595</td>\n",
       "      <td>0.155837</td>\n",
       "      <td>0.158875</td>\n",
       "      <td>0.153597</td>\n",
       "      <td>455.52M</td>\n",
       "      <td>1.14%</td>\n",
       "    </tr>\n",
       "    <tr>\n",
       "      <th>3</th>\n",
       "      <td>2025-04-17</td>\n",
       "      <td>0.155817</td>\n",
       "      <td>0.154725</td>\n",
       "      <td>0.159400</td>\n",
       "      <td>0.153089</td>\n",
       "      <td>622.97M</td>\n",
       "      <td>0.71%</td>\n",
       "    </tr>\n",
       "    <tr>\n",
       "      <th>4</th>\n",
       "      <td>2025-04-16</td>\n",
       "      <td>0.154711</td>\n",
       "      <td>0.153564</td>\n",
       "      <td>0.157234</td>\n",
       "      <td>0.150357</td>\n",
       "      <td>1.01B</td>\n",
       "      <td>0.74%</td>\n",
       "    </tr>\n",
       "    <tr>\n",
       "      <th>...</th>\n",
       "      <td>...</td>\n",
       "      <td>...</td>\n",
       "      <td>...</td>\n",
       "      <td>...</td>\n",
       "      <td>...</td>\n",
       "      <td>...</td>\n",
       "      <td>...</td>\n",
       "    </tr>\n",
       "    <tr>\n",
       "      <th>2874</th>\n",
       "      <td>2017-06-07</td>\n",
       "      <td>0.003250</td>\n",
       "      <td>0.003617</td>\n",
       "      <td>0.003950</td>\n",
       "      <td>0.003132</td>\n",
       "      <td>1.37M</td>\n",
       "      <td>-10.15%</td>\n",
       "    </tr>\n",
       "    <tr>\n",
       "      <th>2875</th>\n",
       "      <td>2017-06-06</td>\n",
       "      <td>0.003617</td>\n",
       "      <td>0.003718</td>\n",
       "      <td>0.003718</td>\n",
       "      <td>0.003152</td>\n",
       "      <td>2.11M</td>\n",
       "      <td>-2.72%</td>\n",
       "    </tr>\n",
       "    <tr>\n",
       "      <th>2876</th>\n",
       "      <td>2017-06-05</td>\n",
       "      <td>0.003718</td>\n",
       "      <td>0.003770</td>\n",
       "      <td>0.003825</td>\n",
       "      <td>0.002923</td>\n",
       "      <td>4.82M</td>\n",
       "      <td>-1.38%</td>\n",
       "    </tr>\n",
       "    <tr>\n",
       "      <th>2877</th>\n",
       "      <td>2017-06-04</td>\n",
       "      <td>0.003770</td>\n",
       "      <td>0.003213</td>\n",
       "      <td>0.003770</td>\n",
       "      <td>0.002544</td>\n",
       "      <td>5.96M</td>\n",
       "      <td>17.34%</td>\n",
       "    </tr>\n",
       "    <tr>\n",
       "      <th>2878</th>\n",
       "      <td>2017-06-03</td>\n",
       "      <td>0.003213</td>\n",
       "      <td>0.002803</td>\n",
       "      <td>0.003398</td>\n",
       "      <td>0.002655</td>\n",
       "      <td>4.37M</td>\n",
       "      <td>14.63%</td>\n",
       "    </tr>\n",
       "  </tbody>\n",
       "</table>\n",
       "<p>2879 rows × 7 columns</p>\n",
       "</div>"
      ],
      "text/plain": [
       "           Date     Price      Open      High       Low     Vol. Change %\n",
       "0    2025-04-20  0.158894  0.157330  0.159400  0.157107  400.25M    1.04%\n",
       "1    2025-04-19  0.157266  0.157574  0.160837  0.156400  452.64M   -0.21%\n",
       "2    2025-04-18  0.157595  0.155837  0.158875  0.153597  455.52M    1.14%\n",
       "3    2025-04-17  0.155817  0.154725  0.159400  0.153089  622.97M    0.71%\n",
       "4    2025-04-16  0.154711  0.153564  0.157234  0.150357    1.01B    0.74%\n",
       "...         ...       ...       ...       ...       ...      ...      ...\n",
       "2874 2017-06-07  0.003250  0.003617  0.003950  0.003132    1.37M  -10.15%\n",
       "2875 2017-06-06  0.003617  0.003718  0.003718  0.003152    2.11M   -2.72%\n",
       "2876 2017-06-05  0.003718  0.003770  0.003825  0.002923    4.82M   -1.38%\n",
       "2877 2017-06-04  0.003770  0.003213  0.003770  0.002544    5.96M   17.34%\n",
       "2878 2017-06-03  0.003213  0.002803  0.003398  0.002655    4.37M   14.63%\n",
       "\n",
       "[2879 rows x 7 columns]"
      ]
     },
     "execution_count": 9,
     "metadata": {},
     "output_type": "execute_result"
    }
   ],
   "source": [
    "# transform Date column to datetime from dd/mm/yyyy\n",
    "df['Date'] = pd.to_datetime(df['Date'], format='%m/%d/%Y')\n",
    "\n",
    "# transform price,open,high,low columns to double\n",
    "df['Price'] = df['Price'].replace(',', '', regex=True).astype(float)\n",
    "df['Open'] = df['Open'].replace(',', '', regex=True).astype(float)\n",
    "df['High'] = df['High'].replace(',', '', regex=True).astype(float)\n",
    "df['Low'] = df['Low'].replace(',', '', regex=True).astype(float)\n",
    "df"
   ]
  },
  {
   "cell_type": "code",
   "execution_count": 10,
   "id": "82b16dc7",
   "metadata": {},
   "outputs": [
    {
     "data": {
      "text/html": [
       "<div>\n",
       "<style scoped>\n",
       "    .dataframe tbody tr th:only-of-type {\n",
       "        vertical-align: middle;\n",
       "    }\n",
       "\n",
       "    .dataframe tbody tr th {\n",
       "        vertical-align: top;\n",
       "    }\n",
       "\n",
       "    .dataframe thead th {\n",
       "        text-align: right;\n",
       "    }\n",
       "</style>\n",
       "<table border=\"1\" class=\"dataframe\">\n",
       "  <thead>\n",
       "    <tr style=\"text-align: right;\">\n",
       "      <th></th>\n",
       "      <th>Date</th>\n",
       "      <th>Price</th>\n",
       "      <th>Open</th>\n",
       "      <th>High</th>\n",
       "      <th>Low</th>\n",
       "      <th>Vol.</th>\n",
       "      <th>Change %</th>\n",
       "    </tr>\n",
       "  </thead>\n",
       "  <tbody>\n",
       "    <tr>\n",
       "      <th>2878</th>\n",
       "      <td>2017-06-03</td>\n",
       "      <td>0.003213</td>\n",
       "      <td>0.002803</td>\n",
       "      <td>0.003398</td>\n",
       "      <td>0.002655</td>\n",
       "      <td>4.37M</td>\n",
       "      <td>14.63%</td>\n",
       "    </tr>\n",
       "    <tr>\n",
       "      <th>2877</th>\n",
       "      <td>2017-06-04</td>\n",
       "      <td>0.003770</td>\n",
       "      <td>0.003213</td>\n",
       "      <td>0.003770</td>\n",
       "      <td>0.002544</td>\n",
       "      <td>5.96M</td>\n",
       "      <td>17.34%</td>\n",
       "    </tr>\n",
       "    <tr>\n",
       "      <th>2876</th>\n",
       "      <td>2017-06-05</td>\n",
       "      <td>0.003718</td>\n",
       "      <td>0.003770</td>\n",
       "      <td>0.003825</td>\n",
       "      <td>0.002923</td>\n",
       "      <td>4.82M</td>\n",
       "      <td>-1.38%</td>\n",
       "    </tr>\n",
       "    <tr>\n",
       "      <th>2875</th>\n",
       "      <td>2017-06-06</td>\n",
       "      <td>0.003617</td>\n",
       "      <td>0.003718</td>\n",
       "      <td>0.003718</td>\n",
       "      <td>0.003152</td>\n",
       "      <td>2.11M</td>\n",
       "      <td>-2.72%</td>\n",
       "    </tr>\n",
       "    <tr>\n",
       "      <th>2874</th>\n",
       "      <td>2017-06-07</td>\n",
       "      <td>0.003250</td>\n",
       "      <td>0.003617</td>\n",
       "      <td>0.003950</td>\n",
       "      <td>0.003132</td>\n",
       "      <td>1.37M</td>\n",
       "      <td>-10.15%</td>\n",
       "    </tr>\n",
       "    <tr>\n",
       "      <th>...</th>\n",
       "      <td>...</td>\n",
       "      <td>...</td>\n",
       "      <td>...</td>\n",
       "      <td>...</td>\n",
       "      <td>...</td>\n",
       "      <td>...</td>\n",
       "      <td>...</td>\n",
       "    </tr>\n",
       "    <tr>\n",
       "      <th>4</th>\n",
       "      <td>2025-04-16</td>\n",
       "      <td>0.154711</td>\n",
       "      <td>0.153564</td>\n",
       "      <td>0.157234</td>\n",
       "      <td>0.150357</td>\n",
       "      <td>1.01B</td>\n",
       "      <td>0.74%</td>\n",
       "    </tr>\n",
       "    <tr>\n",
       "      <th>3</th>\n",
       "      <td>2025-04-17</td>\n",
       "      <td>0.155817</td>\n",
       "      <td>0.154725</td>\n",
       "      <td>0.159400</td>\n",
       "      <td>0.153089</td>\n",
       "      <td>622.97M</td>\n",
       "      <td>0.71%</td>\n",
       "    </tr>\n",
       "    <tr>\n",
       "      <th>2</th>\n",
       "      <td>2025-04-18</td>\n",
       "      <td>0.157595</td>\n",
       "      <td>0.155837</td>\n",
       "      <td>0.158875</td>\n",
       "      <td>0.153597</td>\n",
       "      <td>455.52M</td>\n",
       "      <td>1.14%</td>\n",
       "    </tr>\n",
       "    <tr>\n",
       "      <th>1</th>\n",
       "      <td>2025-04-19</td>\n",
       "      <td>0.157266</td>\n",
       "      <td>0.157574</td>\n",
       "      <td>0.160837</td>\n",
       "      <td>0.156400</td>\n",
       "      <td>452.64M</td>\n",
       "      <td>-0.21%</td>\n",
       "    </tr>\n",
       "    <tr>\n",
       "      <th>0</th>\n",
       "      <td>2025-04-20</td>\n",
       "      <td>0.158894</td>\n",
       "      <td>0.157330</td>\n",
       "      <td>0.159400</td>\n",
       "      <td>0.157107</td>\n",
       "      <td>400.25M</td>\n",
       "      <td>1.04%</td>\n",
       "    </tr>\n",
       "  </tbody>\n",
       "</table>\n",
       "<p>2879 rows × 7 columns</p>\n",
       "</div>"
      ],
      "text/plain": [
       "           Date     Price      Open      High       Low     Vol. Change %\n",
       "2878 2017-06-03  0.003213  0.002803  0.003398  0.002655    4.37M   14.63%\n",
       "2877 2017-06-04  0.003770  0.003213  0.003770  0.002544    5.96M   17.34%\n",
       "2876 2017-06-05  0.003718  0.003770  0.003825  0.002923    4.82M   -1.38%\n",
       "2875 2017-06-06  0.003617  0.003718  0.003718  0.003152    2.11M   -2.72%\n",
       "2874 2017-06-07  0.003250  0.003617  0.003950  0.003132    1.37M  -10.15%\n",
       "...         ...       ...       ...       ...       ...      ...      ...\n",
       "4    2025-04-16  0.154711  0.153564  0.157234  0.150357    1.01B    0.74%\n",
       "3    2025-04-17  0.155817  0.154725  0.159400  0.153089  622.97M    0.71%\n",
       "2    2025-04-18  0.157595  0.155837  0.158875  0.153597  455.52M    1.14%\n",
       "1    2025-04-19  0.157266  0.157574  0.160837  0.156400  452.64M   -0.21%\n",
       "0    2025-04-20  0.158894  0.157330  0.159400  0.157107  400.25M    1.04%\n",
       "\n",
       "[2879 rows x 7 columns]"
      ]
     },
     "execution_count": 10,
     "metadata": {},
     "output_type": "execute_result"
    }
   ],
   "source": [
    "# reverse the dataframe using Date column\n",
    "df = df.sort_values(by='Date', ascending=True)\n",
    "df"
   ]
  },
  {
   "cell_type": "code",
   "execution_count": 11,
   "id": "fb71abc7",
   "metadata": {},
   "outputs": [
    {
     "data": {
      "text/html": [
       "<div>\n",
       "<style scoped>\n",
       "    .dataframe tbody tr th:only-of-type {\n",
       "        vertical-align: middle;\n",
       "    }\n",
       "\n",
       "    .dataframe tbody tr th {\n",
       "        vertical-align: top;\n",
       "    }\n",
       "\n",
       "    .dataframe thead th {\n",
       "        text-align: right;\n",
       "    }\n",
       "</style>\n",
       "<table border=\"1\" class=\"dataframe\">\n",
       "  <thead>\n",
       "    <tr style=\"text-align: right;\">\n",
       "      <th></th>\n",
       "      <th>Date</th>\n",
       "      <th>Price</th>\n",
       "      <th>Open</th>\n",
       "      <th>High</th>\n",
       "      <th>Low</th>\n",
       "      <th>Vol.</th>\n",
       "      <th>Change %</th>\n",
       "    </tr>\n",
       "  </thead>\n",
       "  <tbody>\n",
       "    <tr>\n",
       "      <th>0</th>\n",
       "      <td>2014-09-18</td>\n",
       "      <td>0.003213</td>\n",
       "      <td>0.002803</td>\n",
       "      <td>0.003398</td>\n",
       "      <td>0.002655</td>\n",
       "      <td>4.37M</td>\n",
       "      <td>14.63%</td>\n",
       "    </tr>\n",
       "    <tr>\n",
       "      <th>1</th>\n",
       "      <td>2014-09-19</td>\n",
       "      <td>0.003213</td>\n",
       "      <td>0.002803</td>\n",
       "      <td>0.003398</td>\n",
       "      <td>0.002655</td>\n",
       "      <td>4.37M</td>\n",
       "      <td>14.63%</td>\n",
       "    </tr>\n",
       "    <tr>\n",
       "      <th>2</th>\n",
       "      <td>2014-09-20</td>\n",
       "      <td>0.003213</td>\n",
       "      <td>0.002803</td>\n",
       "      <td>0.003398</td>\n",
       "      <td>0.002655</td>\n",
       "      <td>4.37M</td>\n",
       "      <td>14.63%</td>\n",
       "    </tr>\n",
       "    <tr>\n",
       "      <th>3</th>\n",
       "      <td>2014-09-21</td>\n",
       "      <td>0.003213</td>\n",
       "      <td>0.002803</td>\n",
       "      <td>0.003398</td>\n",
       "      <td>0.002655</td>\n",
       "      <td>4.37M</td>\n",
       "      <td>14.63%</td>\n",
       "    </tr>\n",
       "    <tr>\n",
       "      <th>4</th>\n",
       "      <td>2014-09-22</td>\n",
       "      <td>0.003213</td>\n",
       "      <td>0.002803</td>\n",
       "      <td>0.003398</td>\n",
       "      <td>0.002655</td>\n",
       "      <td>4.37M</td>\n",
       "      <td>14.63%</td>\n",
       "    </tr>\n",
       "    <tr>\n",
       "      <th>...</th>\n",
       "      <td>...</td>\n",
       "      <td>...</td>\n",
       "      <td>...</td>\n",
       "      <td>...</td>\n",
       "      <td>...</td>\n",
       "      <td>...</td>\n",
       "      <td>...</td>\n",
       "    </tr>\n",
       "    <tr>\n",
       "      <th>3863</th>\n",
       "      <td>2025-04-16</td>\n",
       "      <td>0.154711</td>\n",
       "      <td>0.153564</td>\n",
       "      <td>0.157234</td>\n",
       "      <td>0.150357</td>\n",
       "      <td>1.01B</td>\n",
       "      <td>0.74%</td>\n",
       "    </tr>\n",
       "    <tr>\n",
       "      <th>3864</th>\n",
       "      <td>2025-04-17</td>\n",
       "      <td>0.155817</td>\n",
       "      <td>0.154725</td>\n",
       "      <td>0.159400</td>\n",
       "      <td>0.153089</td>\n",
       "      <td>622.97M</td>\n",
       "      <td>0.71%</td>\n",
       "    </tr>\n",
       "    <tr>\n",
       "      <th>3865</th>\n",
       "      <td>2025-04-18</td>\n",
       "      <td>0.157595</td>\n",
       "      <td>0.155837</td>\n",
       "      <td>0.158875</td>\n",
       "      <td>0.153597</td>\n",
       "      <td>455.52M</td>\n",
       "      <td>1.14%</td>\n",
       "    </tr>\n",
       "    <tr>\n",
       "      <th>3866</th>\n",
       "      <td>2025-04-19</td>\n",
       "      <td>0.157266</td>\n",
       "      <td>0.157574</td>\n",
       "      <td>0.160837</td>\n",
       "      <td>0.156400</td>\n",
       "      <td>452.64M</td>\n",
       "      <td>-0.21%</td>\n",
       "    </tr>\n",
       "    <tr>\n",
       "      <th>3867</th>\n",
       "      <td>2025-04-20</td>\n",
       "      <td>0.158894</td>\n",
       "      <td>0.157330</td>\n",
       "      <td>0.159400</td>\n",
       "      <td>0.157107</td>\n",
       "      <td>400.25M</td>\n",
       "      <td>1.04%</td>\n",
       "    </tr>\n",
       "  </tbody>\n",
       "</table>\n",
       "<p>3868 rows × 7 columns</p>\n",
       "</div>"
      ],
      "text/plain": [
       "           Date     Price      Open      High       Low     Vol. Change %\n",
       "0    2014-09-18  0.003213  0.002803  0.003398  0.002655    4.37M   14.63%\n",
       "1    2014-09-19  0.003213  0.002803  0.003398  0.002655    4.37M   14.63%\n",
       "2    2014-09-20  0.003213  0.002803  0.003398  0.002655    4.37M   14.63%\n",
       "3    2014-09-21  0.003213  0.002803  0.003398  0.002655    4.37M   14.63%\n",
       "4    2014-09-22  0.003213  0.002803  0.003398  0.002655    4.37M   14.63%\n",
       "...         ...       ...       ...       ...       ...      ...      ...\n",
       "3863 2025-04-16  0.154711  0.153564  0.157234  0.150357    1.01B    0.74%\n",
       "3864 2025-04-17  0.155817  0.154725  0.159400  0.153089  622.97M    0.71%\n",
       "3865 2025-04-18  0.157595  0.155837  0.158875  0.153597  455.52M    1.14%\n",
       "3866 2025-04-19  0.157266  0.157574  0.160837  0.156400  452.64M   -0.21%\n",
       "3867 2025-04-20  0.158894  0.157330  0.159400  0.157107  400.25M    1.04%\n",
       "\n",
       "[3868 rows x 7 columns]"
      ]
     },
     "execution_count": 11,
     "metadata": {},
     "output_type": "execute_result"
    }
   ],
   "source": [
    "start_date = pd.to_datetime('2014-09-18')\n",
    "end_date = pd.to_datetime('2025-04-20')\n",
    "\n",
    "date_range = pd.date_range(start=start_date, end=end_date)\n",
    "df = df.set_index('Date').reindex(date_range, method='nearest').reset_index()\n",
    "df.rename(columns={'index': 'Date'}, inplace=True)\n",
    "df"
   ]
  },
  {
   "cell_type": "code",
   "execution_count": 12,
   "id": "154cae69",
   "metadata": {},
   "outputs": [],
   "source": [
    "df_data = pd.read_csv('data/data.csv')\n",
    "\n",
    "# check if date column exists in data/data.csv\n",
    "if 'Date' not in df_data.columns:\n",
    "    # set Date column using df['Date']\n",
    "    df_data['Date'] = df['Date']\n",
    "\n",
    "if 'DOGE Open' not in df_data.columns:\n",
    "    df_data['DOGE Open'] = df['Open']\n",
    "# convert Date column to datetime\n",
    "df_data['Date'] = pd.to_datetime(df_data['Date'], format='%Y-%m-%d')\n",
    "\n",
    "# check if there are missing newer dates in data/data.csv compared to date_range\n",
    "if df_data['Date'].max() < df['Date'].max():\n",
    "    # add missing dates to data/data.csv\n",
    "    missing_dates = df[~df['Date'].isin(df_data['Date'])]\n",
    "    missing_dates = missing_dates[['Date', 'Open']]\n",
    "    missing_dates.rename(columns={'Open': 'DOGE Open'}, inplace=True)\n",
    "    df_data = pd.concat([df_data, missing_dates], ignore_index=True)\n",
    "\n",
    "# write the updated data/data.csv\n",
    "df_data.to_csv('data/data.csv', index=False)"
   ]
  }
 ],
 "metadata": {
  "kernelspec": {
   "display_name": ".venv",
   "language": "python",
   "name": "python3"
  },
  "language_info": {
   "codemirror_mode": {
    "name": "ipython",
    "version": 3
   },
   "file_extension": ".py",
   "mimetype": "text/x-python",
   "name": "python",
   "nbconvert_exporter": "python",
   "pygments_lexer": "ipython3",
   "version": "3.10.12"
  }
 },
 "nbformat": 4,
 "nbformat_minor": 5
}
