{
 "cells": [
  {
   "cell_type": "code",
   "execution_count": 21,
   "id": "f09ded9c",
   "metadata": {},
   "outputs": [],
   "source": [
    "import pandas as pd"
   ]
  },
  {
   "cell_type": "code",
   "execution_count": 22,
   "id": "5a9834d3",
   "metadata": {},
   "outputs": [
    {
     "data": {
      "text/html": [
       "<div>\n",
       "<style scoped>\n",
       "    .dataframe tbody tr th:only-of-type {\n",
       "        vertical-align: middle;\n",
       "    }\n",
       "\n",
       "    .dataframe tbody tr th {\n",
       "        vertical-align: top;\n",
       "    }\n",
       "\n",
       "    .dataframe thead th {\n",
       "        text-align: right;\n",
       "    }\n",
       "</style>\n",
       "<table border=\"1\" class=\"dataframe\">\n",
       "  <thead>\n",
       "    <tr style=\"text-align: right;\">\n",
       "      <th></th>\n",
       "      <th>Date</th>\n",
       "      <th>Price</th>\n",
       "      <th>Open</th>\n",
       "      <th>High</th>\n",
       "      <th>Low</th>\n",
       "      <th>Vol.</th>\n",
       "      <th>Change %</th>\n",
       "    </tr>\n",
       "  </thead>\n",
       "  <tbody>\n",
       "    <tr>\n",
       "      <th>0</th>\n",
       "      <td>04/18/2025</td>\n",
       "      <td>99.38</td>\n",
       "      <td>99.39</td>\n",
       "      <td>99.48</td>\n",
       "      <td>99.21</td>\n",
       "      <td>NaN</td>\n",
       "      <td>0.00%</td>\n",
       "    </tr>\n",
       "    <tr>\n",
       "      <th>1</th>\n",
       "      <td>04/17/2025</td>\n",
       "      <td>99.38</td>\n",
       "      <td>99.23</td>\n",
       "      <td>99.75</td>\n",
       "      <td>99.22</td>\n",
       "      <td>NaN</td>\n",
       "      <td>0.00%</td>\n",
       "    </tr>\n",
       "    <tr>\n",
       "      <th>2</th>\n",
       "      <td>04/16/2025</td>\n",
       "      <td>99.38</td>\n",
       "      <td>100.06</td>\n",
       "      <td>100.10</td>\n",
       "      <td>99.17</td>\n",
       "      <td>NaN</td>\n",
       "      <td>-0.83%</td>\n",
       "    </tr>\n",
       "    <tr>\n",
       "      <th>3</th>\n",
       "      <td>04/15/2025</td>\n",
       "      <td>100.21</td>\n",
       "      <td>99.81</td>\n",
       "      <td>100.28</td>\n",
       "      <td>99.48</td>\n",
       "      <td>NaN</td>\n",
       "      <td>0.58%</td>\n",
       "    </tr>\n",
       "    <tr>\n",
       "      <th>4</th>\n",
       "      <td>04/14/2025</td>\n",
       "      <td>99.64</td>\n",
       "      <td>100.02</td>\n",
       "      <td>100.16</td>\n",
       "      <td>99.21</td>\n",
       "      <td>NaN</td>\n",
       "      <td>-0.46%</td>\n",
       "    </tr>\n",
       "    <tr>\n",
       "      <th>...</th>\n",
       "      <td>...</td>\n",
       "      <td>...</td>\n",
       "      <td>...</td>\n",
       "      <td>...</td>\n",
       "      <td>...</td>\n",
       "      <td>...</td>\n",
       "      <td>...</td>\n",
       "    </tr>\n",
       "    <tr>\n",
       "      <th>2748</th>\n",
       "      <td>09/24/2014</td>\n",
       "      <td>85.04</td>\n",
       "      <td>84.71</td>\n",
       "      <td>85.09</td>\n",
       "      <td>84.60</td>\n",
       "      <td>NaN</td>\n",
       "      <td>0.45%</td>\n",
       "    </tr>\n",
       "    <tr>\n",
       "      <th>2749</th>\n",
       "      <td>09/23/2014</td>\n",
       "      <td>84.66</td>\n",
       "      <td>84.68</td>\n",
       "      <td>84.76</td>\n",
       "      <td>84.36</td>\n",
       "      <td>NaN</td>\n",
       "      <td>-0.11%</td>\n",
       "    </tr>\n",
       "    <tr>\n",
       "      <th>2750</th>\n",
       "      <td>09/22/2014</td>\n",
       "      <td>84.75</td>\n",
       "      <td>84.78</td>\n",
       "      <td>84.86</td>\n",
       "      <td>84.52</td>\n",
       "      <td>NaN</td>\n",
       "      <td>0.02%</td>\n",
       "    </tr>\n",
       "    <tr>\n",
       "      <th>2751</th>\n",
       "      <td>09/19/2014</td>\n",
       "      <td>84.73</td>\n",
       "      <td>84.28</td>\n",
       "      <td>84.80</td>\n",
       "      <td>84.23</td>\n",
       "      <td>NaN</td>\n",
       "      <td>0.49%</td>\n",
       "    </tr>\n",
       "    <tr>\n",
       "      <th>2752</th>\n",
       "      <td>09/18/2014</td>\n",
       "      <td>84.32</td>\n",
       "      <td>84.80</td>\n",
       "      <td>84.74</td>\n",
       "      <td>84.22</td>\n",
       "      <td>NaN</td>\n",
       "      <td>-0.02%</td>\n",
       "    </tr>\n",
       "  </tbody>\n",
       "</table>\n",
       "<p>2753 rows × 7 columns</p>\n",
       "</div>"
      ],
      "text/plain": [
       "            Date   Price    Open    High    Low Vol. Change %\n",
       "0     04/18/2025   99.38   99.39   99.48  99.21  NaN    0.00%\n",
       "1     04/17/2025   99.38   99.23   99.75  99.22  NaN    0.00%\n",
       "2     04/16/2025   99.38  100.06  100.10  99.17  NaN   -0.83%\n",
       "3     04/15/2025  100.21   99.81  100.28  99.48  NaN    0.58%\n",
       "4     04/14/2025   99.64  100.02  100.16  99.21  NaN   -0.46%\n",
       "...          ...     ...     ...     ...    ...  ...      ...\n",
       "2748  09/24/2014   85.04   84.71   85.09  84.60  NaN    0.45%\n",
       "2749  09/23/2014   84.66   84.68   84.76  84.36  NaN   -0.11%\n",
       "2750  09/22/2014   84.75   84.78   84.86  84.52  NaN    0.02%\n",
       "2751  09/19/2014   84.73   84.28   84.80  84.23  NaN    0.49%\n",
       "2752  09/18/2014   84.32   84.80   84.74  84.22  NaN   -0.02%\n",
       "\n",
       "[2753 rows x 7 columns]"
      ]
     },
     "execution_count": 22,
     "metadata": {},
     "output_type": "execute_result"
    }
   ],
   "source": [
    "df = pd.read_csv('data/dxy.csv')\n",
    "df"
   ]
  },
  {
   "cell_type": "code",
   "execution_count": 23,
   "id": "caf14719",
   "metadata": {},
   "outputs": [
    {
     "data": {
      "text/html": [
       "<div>\n",
       "<style scoped>\n",
       "    .dataframe tbody tr th:only-of-type {\n",
       "        vertical-align: middle;\n",
       "    }\n",
       "\n",
       "    .dataframe tbody tr th {\n",
       "        vertical-align: top;\n",
       "    }\n",
       "\n",
       "    .dataframe thead th {\n",
       "        text-align: right;\n",
       "    }\n",
       "</style>\n",
       "<table border=\"1\" class=\"dataframe\">\n",
       "  <thead>\n",
       "    <tr style=\"text-align: right;\">\n",
       "      <th></th>\n",
       "      <th>Date</th>\n",
       "      <th>Price</th>\n",
       "      <th>Open</th>\n",
       "      <th>High</th>\n",
       "      <th>Low</th>\n",
       "      <th>Vol.</th>\n",
       "      <th>Change %</th>\n",
       "    </tr>\n",
       "  </thead>\n",
       "  <tbody>\n",
       "    <tr>\n",
       "      <th>0</th>\n",
       "      <td>2025-04-18</td>\n",
       "      <td>99.38</td>\n",
       "      <td>99.39</td>\n",
       "      <td>99.48</td>\n",
       "      <td>99.21</td>\n",
       "      <td>NaN</td>\n",
       "      <td>0.00%</td>\n",
       "    </tr>\n",
       "    <tr>\n",
       "      <th>1</th>\n",
       "      <td>2025-04-17</td>\n",
       "      <td>99.38</td>\n",
       "      <td>99.23</td>\n",
       "      <td>99.75</td>\n",
       "      <td>99.22</td>\n",
       "      <td>NaN</td>\n",
       "      <td>0.00%</td>\n",
       "    </tr>\n",
       "    <tr>\n",
       "      <th>2</th>\n",
       "      <td>2025-04-16</td>\n",
       "      <td>99.38</td>\n",
       "      <td>100.06</td>\n",
       "      <td>100.10</td>\n",
       "      <td>99.17</td>\n",
       "      <td>NaN</td>\n",
       "      <td>-0.83%</td>\n",
       "    </tr>\n",
       "    <tr>\n",
       "      <th>3</th>\n",
       "      <td>2025-04-15</td>\n",
       "      <td>100.21</td>\n",
       "      <td>99.81</td>\n",
       "      <td>100.28</td>\n",
       "      <td>99.48</td>\n",
       "      <td>NaN</td>\n",
       "      <td>0.58%</td>\n",
       "    </tr>\n",
       "    <tr>\n",
       "      <th>4</th>\n",
       "      <td>2025-04-14</td>\n",
       "      <td>99.64</td>\n",
       "      <td>100.02</td>\n",
       "      <td>100.16</td>\n",
       "      <td>99.21</td>\n",
       "      <td>NaN</td>\n",
       "      <td>-0.46%</td>\n",
       "    </tr>\n",
       "    <tr>\n",
       "      <th>...</th>\n",
       "      <td>...</td>\n",
       "      <td>...</td>\n",
       "      <td>...</td>\n",
       "      <td>...</td>\n",
       "      <td>...</td>\n",
       "      <td>...</td>\n",
       "      <td>...</td>\n",
       "    </tr>\n",
       "    <tr>\n",
       "      <th>2748</th>\n",
       "      <td>2014-09-24</td>\n",
       "      <td>85.04</td>\n",
       "      <td>84.71</td>\n",
       "      <td>85.09</td>\n",
       "      <td>84.60</td>\n",
       "      <td>NaN</td>\n",
       "      <td>0.45%</td>\n",
       "    </tr>\n",
       "    <tr>\n",
       "      <th>2749</th>\n",
       "      <td>2014-09-23</td>\n",
       "      <td>84.66</td>\n",
       "      <td>84.68</td>\n",
       "      <td>84.76</td>\n",
       "      <td>84.36</td>\n",
       "      <td>NaN</td>\n",
       "      <td>-0.11%</td>\n",
       "    </tr>\n",
       "    <tr>\n",
       "      <th>2750</th>\n",
       "      <td>2014-09-22</td>\n",
       "      <td>84.75</td>\n",
       "      <td>84.78</td>\n",
       "      <td>84.86</td>\n",
       "      <td>84.52</td>\n",
       "      <td>NaN</td>\n",
       "      <td>0.02%</td>\n",
       "    </tr>\n",
       "    <tr>\n",
       "      <th>2751</th>\n",
       "      <td>2014-09-19</td>\n",
       "      <td>84.73</td>\n",
       "      <td>84.28</td>\n",
       "      <td>84.80</td>\n",
       "      <td>84.23</td>\n",
       "      <td>NaN</td>\n",
       "      <td>0.49%</td>\n",
       "    </tr>\n",
       "    <tr>\n",
       "      <th>2752</th>\n",
       "      <td>2014-09-18</td>\n",
       "      <td>84.32</td>\n",
       "      <td>84.80</td>\n",
       "      <td>84.74</td>\n",
       "      <td>84.22</td>\n",
       "      <td>NaN</td>\n",
       "      <td>-0.02%</td>\n",
       "    </tr>\n",
       "  </tbody>\n",
       "</table>\n",
       "<p>2753 rows × 7 columns</p>\n",
       "</div>"
      ],
      "text/plain": [
       "           Date   Price    Open    High    Low Vol. Change %\n",
       "0    2025-04-18   99.38   99.39   99.48  99.21  NaN    0.00%\n",
       "1    2025-04-17   99.38   99.23   99.75  99.22  NaN    0.00%\n",
       "2    2025-04-16   99.38  100.06  100.10  99.17  NaN   -0.83%\n",
       "3    2025-04-15  100.21   99.81  100.28  99.48  NaN    0.58%\n",
       "4    2025-04-14   99.64  100.02  100.16  99.21  NaN   -0.46%\n",
       "...         ...     ...     ...     ...    ...  ...      ...\n",
       "2748 2014-09-24   85.04   84.71   85.09  84.60  NaN    0.45%\n",
       "2749 2014-09-23   84.66   84.68   84.76  84.36  NaN   -0.11%\n",
       "2750 2014-09-22   84.75   84.78   84.86  84.52  NaN    0.02%\n",
       "2751 2014-09-19   84.73   84.28   84.80  84.23  NaN    0.49%\n",
       "2752 2014-09-18   84.32   84.80   84.74  84.22  NaN   -0.02%\n",
       "\n",
       "[2753 rows x 7 columns]"
      ]
     },
     "execution_count": 23,
     "metadata": {},
     "output_type": "execute_result"
    }
   ],
   "source": [
    "# transform Date column to datetime from dd/mm/yyyy\n",
    "df['Date'] = pd.to_datetime(df['Date'], format='%m/%d/%Y')\n",
    "\n",
    "# transform price,open,high,low columns to double\n",
    "df['Price'] = df['Price'].replace(',', '', regex=True).astype(float)\n",
    "df['Open'] = df['Open'].replace(',', '', regex=True).astype(float)\n",
    "df['High'] = df['High'].replace(',', '', regex=True).astype(float)\n",
    "df['Low'] = df['Low'].replace(',', '', regex=True).astype(float)\n",
    "df"
   ]
  },
  {
   "cell_type": "code",
   "execution_count": 24,
   "id": "82b16dc7",
   "metadata": {},
   "outputs": [
    {
     "data": {
      "text/html": [
       "<div>\n",
       "<style scoped>\n",
       "    .dataframe tbody tr th:only-of-type {\n",
       "        vertical-align: middle;\n",
       "    }\n",
       "\n",
       "    .dataframe tbody tr th {\n",
       "        vertical-align: top;\n",
       "    }\n",
       "\n",
       "    .dataframe thead th {\n",
       "        text-align: right;\n",
       "    }\n",
       "</style>\n",
       "<table border=\"1\" class=\"dataframe\">\n",
       "  <thead>\n",
       "    <tr style=\"text-align: right;\">\n",
       "      <th></th>\n",
       "      <th>Date</th>\n",
       "      <th>Price</th>\n",
       "      <th>Open</th>\n",
       "      <th>High</th>\n",
       "      <th>Low</th>\n",
       "      <th>Vol.</th>\n",
       "      <th>Change %</th>\n",
       "    </tr>\n",
       "  </thead>\n",
       "  <tbody>\n",
       "    <tr>\n",
       "      <th>2752</th>\n",
       "      <td>2014-09-18</td>\n",
       "      <td>84.32</td>\n",
       "      <td>84.80</td>\n",
       "      <td>84.74</td>\n",
       "      <td>84.22</td>\n",
       "      <td>NaN</td>\n",
       "      <td>-0.02%</td>\n",
       "    </tr>\n",
       "    <tr>\n",
       "      <th>2751</th>\n",
       "      <td>2014-09-19</td>\n",
       "      <td>84.73</td>\n",
       "      <td>84.28</td>\n",
       "      <td>84.80</td>\n",
       "      <td>84.23</td>\n",
       "      <td>NaN</td>\n",
       "      <td>0.49%</td>\n",
       "    </tr>\n",
       "    <tr>\n",
       "      <th>2750</th>\n",
       "      <td>2014-09-22</td>\n",
       "      <td>84.75</td>\n",
       "      <td>84.78</td>\n",
       "      <td>84.86</td>\n",
       "      <td>84.52</td>\n",
       "      <td>NaN</td>\n",
       "      <td>0.02%</td>\n",
       "    </tr>\n",
       "    <tr>\n",
       "      <th>2749</th>\n",
       "      <td>2014-09-23</td>\n",
       "      <td>84.66</td>\n",
       "      <td>84.68</td>\n",
       "      <td>84.76</td>\n",
       "      <td>84.36</td>\n",
       "      <td>NaN</td>\n",
       "      <td>-0.11%</td>\n",
       "    </tr>\n",
       "    <tr>\n",
       "      <th>2748</th>\n",
       "      <td>2014-09-24</td>\n",
       "      <td>85.04</td>\n",
       "      <td>84.71</td>\n",
       "      <td>85.09</td>\n",
       "      <td>84.60</td>\n",
       "      <td>NaN</td>\n",
       "      <td>0.45%</td>\n",
       "    </tr>\n",
       "    <tr>\n",
       "      <th>...</th>\n",
       "      <td>...</td>\n",
       "      <td>...</td>\n",
       "      <td>...</td>\n",
       "      <td>...</td>\n",
       "      <td>...</td>\n",
       "      <td>...</td>\n",
       "      <td>...</td>\n",
       "    </tr>\n",
       "    <tr>\n",
       "      <th>4</th>\n",
       "      <td>2025-04-14</td>\n",
       "      <td>99.64</td>\n",
       "      <td>100.02</td>\n",
       "      <td>100.16</td>\n",
       "      <td>99.21</td>\n",
       "      <td>NaN</td>\n",
       "      <td>-0.46%</td>\n",
       "    </tr>\n",
       "    <tr>\n",
       "      <th>3</th>\n",
       "      <td>2025-04-15</td>\n",
       "      <td>100.21</td>\n",
       "      <td>99.81</td>\n",
       "      <td>100.28</td>\n",
       "      <td>99.48</td>\n",
       "      <td>NaN</td>\n",
       "      <td>0.58%</td>\n",
       "    </tr>\n",
       "    <tr>\n",
       "      <th>2</th>\n",
       "      <td>2025-04-16</td>\n",
       "      <td>99.38</td>\n",
       "      <td>100.06</td>\n",
       "      <td>100.10</td>\n",
       "      <td>99.17</td>\n",
       "      <td>NaN</td>\n",
       "      <td>-0.83%</td>\n",
       "    </tr>\n",
       "    <tr>\n",
       "      <th>1</th>\n",
       "      <td>2025-04-17</td>\n",
       "      <td>99.38</td>\n",
       "      <td>99.23</td>\n",
       "      <td>99.75</td>\n",
       "      <td>99.22</td>\n",
       "      <td>NaN</td>\n",
       "      <td>0.00%</td>\n",
       "    </tr>\n",
       "    <tr>\n",
       "      <th>0</th>\n",
       "      <td>2025-04-18</td>\n",
       "      <td>99.38</td>\n",
       "      <td>99.39</td>\n",
       "      <td>99.48</td>\n",
       "      <td>99.21</td>\n",
       "      <td>NaN</td>\n",
       "      <td>0.00%</td>\n",
       "    </tr>\n",
       "  </tbody>\n",
       "</table>\n",
       "<p>2753 rows × 7 columns</p>\n",
       "</div>"
      ],
      "text/plain": [
       "           Date   Price    Open    High    Low Vol. Change %\n",
       "2752 2014-09-18   84.32   84.80   84.74  84.22  NaN   -0.02%\n",
       "2751 2014-09-19   84.73   84.28   84.80  84.23  NaN    0.49%\n",
       "2750 2014-09-22   84.75   84.78   84.86  84.52  NaN    0.02%\n",
       "2749 2014-09-23   84.66   84.68   84.76  84.36  NaN   -0.11%\n",
       "2748 2014-09-24   85.04   84.71   85.09  84.60  NaN    0.45%\n",
       "...         ...     ...     ...     ...    ...  ...      ...\n",
       "4    2025-04-14   99.64  100.02  100.16  99.21  NaN   -0.46%\n",
       "3    2025-04-15  100.21   99.81  100.28  99.48  NaN    0.58%\n",
       "2    2025-04-16   99.38  100.06  100.10  99.17  NaN   -0.83%\n",
       "1    2025-04-17   99.38   99.23   99.75  99.22  NaN    0.00%\n",
       "0    2025-04-18   99.38   99.39   99.48  99.21  NaN    0.00%\n",
       "\n",
       "[2753 rows x 7 columns]"
      ]
     },
     "execution_count": 24,
     "metadata": {},
     "output_type": "execute_result"
    }
   ],
   "source": [
    "# reverse the dataframe using Date column\n",
    "df = df.sort_values(by='Date', ascending=True)\n",
    "df"
   ]
  },
  {
   "cell_type": "code",
   "execution_count": 25,
   "id": "fb71abc7",
   "metadata": {},
   "outputs": [
    {
     "data": {
      "text/html": [
       "<div>\n",
       "<style scoped>\n",
       "    .dataframe tbody tr th:only-of-type {\n",
       "        vertical-align: middle;\n",
       "    }\n",
       "\n",
       "    .dataframe tbody tr th {\n",
       "        vertical-align: top;\n",
       "    }\n",
       "\n",
       "    .dataframe thead th {\n",
       "        text-align: right;\n",
       "    }\n",
       "</style>\n",
       "<table border=\"1\" class=\"dataframe\">\n",
       "  <thead>\n",
       "    <tr style=\"text-align: right;\">\n",
       "      <th></th>\n",
       "      <th>Date</th>\n",
       "      <th>Price</th>\n",
       "      <th>Open</th>\n",
       "      <th>High</th>\n",
       "      <th>Low</th>\n",
       "      <th>Vol.</th>\n",
       "      <th>Change %</th>\n",
       "    </tr>\n",
       "  </thead>\n",
       "  <tbody>\n",
       "    <tr>\n",
       "      <th>0</th>\n",
       "      <td>2014-09-18</td>\n",
       "      <td>84.32</td>\n",
       "      <td>84.80</td>\n",
       "      <td>84.74</td>\n",
       "      <td>84.22</td>\n",
       "      <td>NaN</td>\n",
       "      <td>-0.02%</td>\n",
       "    </tr>\n",
       "    <tr>\n",
       "      <th>1</th>\n",
       "      <td>2014-09-19</td>\n",
       "      <td>84.73</td>\n",
       "      <td>84.28</td>\n",
       "      <td>84.80</td>\n",
       "      <td>84.23</td>\n",
       "      <td>NaN</td>\n",
       "      <td>0.49%</td>\n",
       "    </tr>\n",
       "    <tr>\n",
       "      <th>2</th>\n",
       "      <td>2014-09-20</td>\n",
       "      <td>84.73</td>\n",
       "      <td>84.28</td>\n",
       "      <td>84.80</td>\n",
       "      <td>84.23</td>\n",
       "      <td>NaN</td>\n",
       "      <td>0.49%</td>\n",
       "    </tr>\n",
       "    <tr>\n",
       "      <th>3</th>\n",
       "      <td>2014-09-21</td>\n",
       "      <td>84.75</td>\n",
       "      <td>84.78</td>\n",
       "      <td>84.86</td>\n",
       "      <td>84.52</td>\n",
       "      <td>NaN</td>\n",
       "      <td>0.02%</td>\n",
       "    </tr>\n",
       "    <tr>\n",
       "      <th>4</th>\n",
       "      <td>2014-09-22</td>\n",
       "      <td>84.75</td>\n",
       "      <td>84.78</td>\n",
       "      <td>84.86</td>\n",
       "      <td>84.52</td>\n",
       "      <td>NaN</td>\n",
       "      <td>0.02%</td>\n",
       "    </tr>\n",
       "    <tr>\n",
       "      <th>...</th>\n",
       "      <td>...</td>\n",
       "      <td>...</td>\n",
       "      <td>...</td>\n",
       "      <td>...</td>\n",
       "      <td>...</td>\n",
       "      <td>...</td>\n",
       "      <td>...</td>\n",
       "    </tr>\n",
       "    <tr>\n",
       "      <th>3863</th>\n",
       "      <td>2025-04-16</td>\n",
       "      <td>99.38</td>\n",
       "      <td>100.06</td>\n",
       "      <td>100.10</td>\n",
       "      <td>99.17</td>\n",
       "      <td>NaN</td>\n",
       "      <td>-0.83%</td>\n",
       "    </tr>\n",
       "    <tr>\n",
       "      <th>3864</th>\n",
       "      <td>2025-04-17</td>\n",
       "      <td>99.38</td>\n",
       "      <td>99.23</td>\n",
       "      <td>99.75</td>\n",
       "      <td>99.22</td>\n",
       "      <td>NaN</td>\n",
       "      <td>0.00%</td>\n",
       "    </tr>\n",
       "    <tr>\n",
       "      <th>3865</th>\n",
       "      <td>2025-04-18</td>\n",
       "      <td>99.38</td>\n",
       "      <td>99.39</td>\n",
       "      <td>99.48</td>\n",
       "      <td>99.21</td>\n",
       "      <td>NaN</td>\n",
       "      <td>0.00%</td>\n",
       "    </tr>\n",
       "    <tr>\n",
       "      <th>3866</th>\n",
       "      <td>2025-04-19</td>\n",
       "      <td>99.38</td>\n",
       "      <td>99.39</td>\n",
       "      <td>99.48</td>\n",
       "      <td>99.21</td>\n",
       "      <td>NaN</td>\n",
       "      <td>0.00%</td>\n",
       "    </tr>\n",
       "    <tr>\n",
       "      <th>3867</th>\n",
       "      <td>2025-04-20</td>\n",
       "      <td>99.38</td>\n",
       "      <td>99.39</td>\n",
       "      <td>99.48</td>\n",
       "      <td>99.21</td>\n",
       "      <td>NaN</td>\n",
       "      <td>0.00%</td>\n",
       "    </tr>\n",
       "  </tbody>\n",
       "</table>\n",
       "<p>3868 rows × 7 columns</p>\n",
       "</div>"
      ],
      "text/plain": [
       "           Date  Price    Open    High    Low Vol. Change %\n",
       "0    2014-09-18  84.32   84.80   84.74  84.22  NaN   -0.02%\n",
       "1    2014-09-19  84.73   84.28   84.80  84.23  NaN    0.49%\n",
       "2    2014-09-20  84.73   84.28   84.80  84.23  NaN    0.49%\n",
       "3    2014-09-21  84.75   84.78   84.86  84.52  NaN    0.02%\n",
       "4    2014-09-22  84.75   84.78   84.86  84.52  NaN    0.02%\n",
       "...         ...    ...     ...     ...    ...  ...      ...\n",
       "3863 2025-04-16  99.38  100.06  100.10  99.17  NaN   -0.83%\n",
       "3864 2025-04-17  99.38   99.23   99.75  99.22  NaN    0.00%\n",
       "3865 2025-04-18  99.38   99.39   99.48  99.21  NaN    0.00%\n",
       "3866 2025-04-19  99.38   99.39   99.48  99.21  NaN    0.00%\n",
       "3867 2025-04-20  99.38   99.39   99.48  99.21  NaN    0.00%\n",
       "\n",
       "[3868 rows x 7 columns]"
      ]
     },
     "execution_count": 25,
     "metadata": {},
     "output_type": "execute_result"
    }
   ],
   "source": [
    "start_date = pd.to_datetime('2014-09-18')\n",
    "end_date = pd.to_datetime('2025-04-20')\n",
    "\n",
    "date_range = pd.date_range(start=start_date, end=end_date)\n",
    "df = df.set_index('Date').reindex(date_range, method='nearest').reset_index()\n",
    "df.rename(columns={'index': 'Date'}, inplace=True)\n",
    "df"
   ]
  },
  {
   "cell_type": "code",
   "execution_count": 26,
   "id": "154cae69",
   "metadata": {},
   "outputs": [],
   "source": [
    "df_data = pd.read_csv('data/data.csv')\n",
    "\n",
    "# check if date column exists in data/data.csv\n",
    "if 'Date' not in df_data.columns:\n",
    "    # set Date column using df['Date']\n",
    "    df_data['Date'] = df['Date']\n",
    "\n",
    "if 'DXY Open' not in df_data.columns:\n",
    "    df_data['DXY Open'] = df['Open']\n",
    "\n",
    "# convert Date column to datetime\n",
    "df_data['Date'] = pd.to_datetime(df_data['Date'], format='%Y-%m-%d')\n",
    "\n",
    "# check if there are missing newer dates in data/data.csv compared to date_range\n",
    "if df_data['Date'].max() < df['Date'].max():\n",
    "    # add missing dates to data/data.csv\n",
    "    missing_dates = df[~df['Date'].isin(df_data['Date'])]\n",
    "    missing_dates = missing_dates[['Date', 'Open']]\n",
    "    missing_dates.rename(columns={'Open': 'DXY Open'}, inplace=True)\n",
    "    df_data = pd.concat([df_data, missing_dates], ignore_index=True)\n",
    "\n",
    "# write the updated data/data.csv\n",
    "df_data.to_csv('data/data.csv', index=False)"
   ]
  }
 ],
 "metadata": {
  "kernelspec": {
   "display_name": ".venv",
   "language": "python",
   "name": "python3"
  },
  "language_info": {
   "codemirror_mode": {
    "name": "ipython",
    "version": 3
   },
   "file_extension": ".py",
   "mimetype": "text/x-python",
   "name": "python",
   "nbconvert_exporter": "python",
   "pygments_lexer": "ipython3",
   "version": "3.10.12"
  }
 },
 "nbformat": 4,
 "nbformat_minor": 5
}
