{
 "cells": [
  {
   "cell_type": "code",
   "execution_count": 1,
   "id": "f09ded9c",
   "metadata": {},
   "outputs": [],
   "source": [
    "import pandas as pd"
   ]
  },
  {
   "cell_type": "code",
   "execution_count": 2,
   "id": "5a9834d3",
   "metadata": {},
   "outputs": [
    {
     "data": {
      "text/html": [
       "<div>\n",
       "<style scoped>\n",
       "    .dataframe tbody tr th:only-of-type {\n",
       "        vertical-align: middle;\n",
       "    }\n",
       "\n",
       "    .dataframe tbody tr th {\n",
       "        vertical-align: top;\n",
       "    }\n",
       "\n",
       "    .dataframe thead th {\n",
       "        text-align: right;\n",
       "    }\n",
       "</style>\n",
       "<table border=\"1\" class=\"dataframe\">\n",
       "  <thead>\n",
       "    <tr style=\"text-align: right;\">\n",
       "      <th></th>\n",
       "      <th>Date</th>\n",
       "      <th>Price</th>\n",
       "      <th>Open</th>\n",
       "      <th>High</th>\n",
       "      <th>Low</th>\n",
       "      <th>Vol.</th>\n",
       "      <th>Change %</th>\n",
       "    </tr>\n",
       "  </thead>\n",
       "  <tbody>\n",
       "    <tr>\n",
       "      <th>0</th>\n",
       "      <td>04/17/2025</td>\n",
       "      <td>64.68</td>\n",
       "      <td>62.63</td>\n",
       "      <td>64.86</td>\n",
       "      <td>62.61</td>\n",
       "      <td>111.48K</td>\n",
       "      <td>3.54%</td>\n",
       "    </tr>\n",
       "    <tr>\n",
       "      <th>1</th>\n",
       "      <td>04/16/2025</td>\n",
       "      <td>62.47</td>\n",
       "      <td>61.54</td>\n",
       "      <td>62.98</td>\n",
       "      <td>60.44</td>\n",
       "      <td>213.19K</td>\n",
       "      <td>1.86%</td>\n",
       "    </tr>\n",
       "    <tr>\n",
       "      <th>2</th>\n",
       "      <td>04/15/2025</td>\n",
       "      <td>61.33</td>\n",
       "      <td>61.58</td>\n",
       "      <td>62.06</td>\n",
       "      <td>60.88</td>\n",
       "      <td>197.40K</td>\n",
       "      <td>-0.33%</td>\n",
       "    </tr>\n",
       "    <tr>\n",
       "      <th>3</th>\n",
       "      <td>04/14/2025</td>\n",
       "      <td>61.53</td>\n",
       "      <td>61.70</td>\n",
       "      <td>62.68</td>\n",
       "      <td>60.59</td>\n",
       "      <td>238.07K</td>\n",
       "      <td>0.05%</td>\n",
       "    </tr>\n",
       "    <tr>\n",
       "      <th>4</th>\n",
       "      <td>04/11/2025</td>\n",
       "      <td>61.50</td>\n",
       "      <td>60.20</td>\n",
       "      <td>61.87</td>\n",
       "      <td>59.43</td>\n",
       "      <td>306.23K</td>\n",
       "      <td>2.38%</td>\n",
       "    </tr>\n",
       "    <tr>\n",
       "      <th>...</th>\n",
       "      <td>...</td>\n",
       "      <td>...</td>\n",
       "      <td>...</td>\n",
       "      <td>...</td>\n",
       "      <td>...</td>\n",
       "      <td>...</td>\n",
       "      <td>...</td>\n",
       "    </tr>\n",
       "    <tr>\n",
       "      <th>2779</th>\n",
       "      <td>09/24/2014</td>\n",
       "      <td>92.80</td>\n",
       "      <td>91.72</td>\n",
       "      <td>93.29</td>\n",
       "      <td>91.12</td>\n",
       "      <td>282.63K</td>\n",
       "      <td>1.35%</td>\n",
       "    </tr>\n",
       "    <tr>\n",
       "      <th>2780</th>\n",
       "      <td>09/23/2014</td>\n",
       "      <td>91.56</td>\n",
       "      <td>90.70</td>\n",
       "      <td>92.09</td>\n",
       "      <td>90.58</td>\n",
       "      <td>247.77K</td>\n",
       "      <td>0.04%</td>\n",
       "    </tr>\n",
       "    <tr>\n",
       "      <th>2781</th>\n",
       "      <td>09/22/2014</td>\n",
       "      <td>91.52</td>\n",
       "      <td>92.22</td>\n",
       "      <td>92.64</td>\n",
       "      <td>91.20</td>\n",
       "      <td>23.94K</td>\n",
       "      <td>-0.96%</td>\n",
       "    </tr>\n",
       "    <tr>\n",
       "      <th>2782</th>\n",
       "      <td>09/19/2014</td>\n",
       "      <td>92.41</td>\n",
       "      <td>92.97</td>\n",
       "      <td>93.22</td>\n",
       "      <td>91.85</td>\n",
       "      <td>92.78K</td>\n",
       "      <td>-0.71%</td>\n",
       "    </tr>\n",
       "    <tr>\n",
       "      <th>2783</th>\n",
       "      <td>09/18/2014</td>\n",
       "      <td>93.07</td>\n",
       "      <td>93.97</td>\n",
       "      <td>94.82</td>\n",
       "      <td>92.85</td>\n",
       "      <td>170.77K</td>\n",
       "      <td>-1.43%</td>\n",
       "    </tr>\n",
       "  </tbody>\n",
       "</table>\n",
       "<p>2784 rows × 7 columns</p>\n",
       "</div>"
      ],
      "text/plain": [
       "            Date  Price   Open   High    Low     Vol. Change %\n",
       "0     04/17/2025  64.68  62.63  64.86  62.61  111.48K    3.54%\n",
       "1     04/16/2025  62.47  61.54  62.98  60.44  213.19K    1.86%\n",
       "2     04/15/2025  61.33  61.58  62.06  60.88  197.40K   -0.33%\n",
       "3     04/14/2025  61.53  61.70  62.68  60.59  238.07K    0.05%\n",
       "4     04/11/2025  61.50  60.20  61.87  59.43  306.23K    2.38%\n",
       "...          ...    ...    ...    ...    ...      ...      ...\n",
       "2779  09/24/2014  92.80  91.72  93.29  91.12  282.63K    1.35%\n",
       "2780  09/23/2014  91.56  90.70  92.09  90.58  247.77K    0.04%\n",
       "2781  09/22/2014  91.52  92.22  92.64  91.20   23.94K   -0.96%\n",
       "2782  09/19/2014  92.41  92.97  93.22  91.85   92.78K   -0.71%\n",
       "2783  09/18/2014  93.07  93.97  94.82  92.85  170.77K   -1.43%\n",
       "\n",
       "[2784 rows x 7 columns]"
      ]
     },
     "execution_count": 2,
     "metadata": {},
     "output_type": "execute_result"
    }
   ],
   "source": [
    "df = pd.read_csv('data/oil.csv')\n",
    "df"
   ]
  },
  {
   "cell_type": "code",
   "execution_count": 3,
   "id": "caf14719",
   "metadata": {},
   "outputs": [
    {
     "data": {
      "text/html": [
       "<div>\n",
       "<style scoped>\n",
       "    .dataframe tbody tr th:only-of-type {\n",
       "        vertical-align: middle;\n",
       "    }\n",
       "\n",
       "    .dataframe tbody tr th {\n",
       "        vertical-align: top;\n",
       "    }\n",
       "\n",
       "    .dataframe thead th {\n",
       "        text-align: right;\n",
       "    }\n",
       "</style>\n",
       "<table border=\"1\" class=\"dataframe\">\n",
       "  <thead>\n",
       "    <tr style=\"text-align: right;\">\n",
       "      <th></th>\n",
       "      <th>Date</th>\n",
       "      <th>Price</th>\n",
       "      <th>Open</th>\n",
       "      <th>High</th>\n",
       "      <th>Low</th>\n",
       "      <th>Vol.</th>\n",
       "      <th>Change %</th>\n",
       "    </tr>\n",
       "  </thead>\n",
       "  <tbody>\n",
       "    <tr>\n",
       "      <th>0</th>\n",
       "      <td>2025-04-17</td>\n",
       "      <td>64.68</td>\n",
       "      <td>62.63</td>\n",
       "      <td>64.86</td>\n",
       "      <td>62.61</td>\n",
       "      <td>111.48K</td>\n",
       "      <td>3.54%</td>\n",
       "    </tr>\n",
       "    <tr>\n",
       "      <th>1</th>\n",
       "      <td>2025-04-16</td>\n",
       "      <td>62.47</td>\n",
       "      <td>61.54</td>\n",
       "      <td>62.98</td>\n",
       "      <td>60.44</td>\n",
       "      <td>213.19K</td>\n",
       "      <td>1.86%</td>\n",
       "    </tr>\n",
       "    <tr>\n",
       "      <th>2</th>\n",
       "      <td>2025-04-15</td>\n",
       "      <td>61.33</td>\n",
       "      <td>61.58</td>\n",
       "      <td>62.06</td>\n",
       "      <td>60.88</td>\n",
       "      <td>197.40K</td>\n",
       "      <td>-0.33%</td>\n",
       "    </tr>\n",
       "    <tr>\n",
       "      <th>3</th>\n",
       "      <td>2025-04-14</td>\n",
       "      <td>61.53</td>\n",
       "      <td>61.70</td>\n",
       "      <td>62.68</td>\n",
       "      <td>60.59</td>\n",
       "      <td>238.07K</td>\n",
       "      <td>0.05%</td>\n",
       "    </tr>\n",
       "    <tr>\n",
       "      <th>4</th>\n",
       "      <td>2025-04-11</td>\n",
       "      <td>61.50</td>\n",
       "      <td>60.20</td>\n",
       "      <td>61.87</td>\n",
       "      <td>59.43</td>\n",
       "      <td>306.23K</td>\n",
       "      <td>2.38%</td>\n",
       "    </tr>\n",
       "    <tr>\n",
       "      <th>...</th>\n",
       "      <td>...</td>\n",
       "      <td>...</td>\n",
       "      <td>...</td>\n",
       "      <td>...</td>\n",
       "      <td>...</td>\n",
       "      <td>...</td>\n",
       "      <td>...</td>\n",
       "    </tr>\n",
       "    <tr>\n",
       "      <th>2779</th>\n",
       "      <td>2014-09-24</td>\n",
       "      <td>92.80</td>\n",
       "      <td>91.72</td>\n",
       "      <td>93.29</td>\n",
       "      <td>91.12</td>\n",
       "      <td>282.63K</td>\n",
       "      <td>1.35%</td>\n",
       "    </tr>\n",
       "    <tr>\n",
       "      <th>2780</th>\n",
       "      <td>2014-09-23</td>\n",
       "      <td>91.56</td>\n",
       "      <td>90.70</td>\n",
       "      <td>92.09</td>\n",
       "      <td>90.58</td>\n",
       "      <td>247.77K</td>\n",
       "      <td>0.04%</td>\n",
       "    </tr>\n",
       "    <tr>\n",
       "      <th>2781</th>\n",
       "      <td>2014-09-22</td>\n",
       "      <td>91.52</td>\n",
       "      <td>92.22</td>\n",
       "      <td>92.64</td>\n",
       "      <td>91.20</td>\n",
       "      <td>23.94K</td>\n",
       "      <td>-0.96%</td>\n",
       "    </tr>\n",
       "    <tr>\n",
       "      <th>2782</th>\n",
       "      <td>2014-09-19</td>\n",
       "      <td>92.41</td>\n",
       "      <td>92.97</td>\n",
       "      <td>93.22</td>\n",
       "      <td>91.85</td>\n",
       "      <td>92.78K</td>\n",
       "      <td>-0.71%</td>\n",
       "    </tr>\n",
       "    <tr>\n",
       "      <th>2783</th>\n",
       "      <td>2014-09-18</td>\n",
       "      <td>93.07</td>\n",
       "      <td>93.97</td>\n",
       "      <td>94.82</td>\n",
       "      <td>92.85</td>\n",
       "      <td>170.77K</td>\n",
       "      <td>-1.43%</td>\n",
       "    </tr>\n",
       "  </tbody>\n",
       "</table>\n",
       "<p>2784 rows × 7 columns</p>\n",
       "</div>"
      ],
      "text/plain": [
       "           Date  Price   Open   High    Low     Vol. Change %\n",
       "0    2025-04-17  64.68  62.63  64.86  62.61  111.48K    3.54%\n",
       "1    2025-04-16  62.47  61.54  62.98  60.44  213.19K    1.86%\n",
       "2    2025-04-15  61.33  61.58  62.06  60.88  197.40K   -0.33%\n",
       "3    2025-04-14  61.53  61.70  62.68  60.59  238.07K    0.05%\n",
       "4    2025-04-11  61.50  60.20  61.87  59.43  306.23K    2.38%\n",
       "...         ...    ...    ...    ...    ...      ...      ...\n",
       "2779 2014-09-24  92.80  91.72  93.29  91.12  282.63K    1.35%\n",
       "2780 2014-09-23  91.56  90.70  92.09  90.58  247.77K    0.04%\n",
       "2781 2014-09-22  91.52  92.22  92.64  91.20   23.94K   -0.96%\n",
       "2782 2014-09-19  92.41  92.97  93.22  91.85   92.78K   -0.71%\n",
       "2783 2014-09-18  93.07  93.97  94.82  92.85  170.77K   -1.43%\n",
       "\n",
       "[2784 rows x 7 columns]"
      ]
     },
     "execution_count": 3,
     "metadata": {},
     "output_type": "execute_result"
    }
   ],
   "source": [
    "# transform Date column to datetime from dd/mm/yyyy\n",
    "df['Date'] = pd.to_datetime(df['Date'], format='%m/%d/%Y')\n",
    "\n",
    "# transform price,open,high,low columns to double\n",
    "df['Price'] = df['Price'].replace(',', '', regex=True).astype(float)\n",
    "df['Open'] = df['Open'].replace(',', '', regex=True).astype(float)\n",
    "df['High'] = df['High'].replace(',', '', regex=True).astype(float)\n",
    "df['Low'] = df['Low'].replace(',', '', regex=True).astype(float)\n",
    "df"
   ]
  },
  {
   "cell_type": "code",
   "execution_count": 4,
   "id": "82b16dc7",
   "metadata": {},
   "outputs": [
    {
     "data": {
      "text/html": [
       "<div>\n",
       "<style scoped>\n",
       "    .dataframe tbody tr th:only-of-type {\n",
       "        vertical-align: middle;\n",
       "    }\n",
       "\n",
       "    .dataframe tbody tr th {\n",
       "        vertical-align: top;\n",
       "    }\n",
       "\n",
       "    .dataframe thead th {\n",
       "        text-align: right;\n",
       "    }\n",
       "</style>\n",
       "<table border=\"1\" class=\"dataframe\">\n",
       "  <thead>\n",
       "    <tr style=\"text-align: right;\">\n",
       "      <th></th>\n",
       "      <th>Date</th>\n",
       "      <th>Price</th>\n",
       "      <th>Open</th>\n",
       "      <th>High</th>\n",
       "      <th>Low</th>\n",
       "      <th>Vol.</th>\n",
       "      <th>Change %</th>\n",
       "    </tr>\n",
       "  </thead>\n",
       "  <tbody>\n",
       "    <tr>\n",
       "      <th>2783</th>\n",
       "      <td>2014-09-18</td>\n",
       "      <td>93.07</td>\n",
       "      <td>93.97</td>\n",
       "      <td>94.82</td>\n",
       "      <td>92.85</td>\n",
       "      <td>170.77K</td>\n",
       "      <td>-1.43%</td>\n",
       "    </tr>\n",
       "    <tr>\n",
       "      <th>2782</th>\n",
       "      <td>2014-09-19</td>\n",
       "      <td>92.41</td>\n",
       "      <td>92.97</td>\n",
       "      <td>93.22</td>\n",
       "      <td>91.85</td>\n",
       "      <td>92.78K</td>\n",
       "      <td>-0.71%</td>\n",
       "    </tr>\n",
       "    <tr>\n",
       "      <th>2781</th>\n",
       "      <td>2014-09-22</td>\n",
       "      <td>91.52</td>\n",
       "      <td>92.22</td>\n",
       "      <td>92.64</td>\n",
       "      <td>91.20</td>\n",
       "      <td>23.94K</td>\n",
       "      <td>-0.96%</td>\n",
       "    </tr>\n",
       "    <tr>\n",
       "      <th>2780</th>\n",
       "      <td>2014-09-23</td>\n",
       "      <td>91.56</td>\n",
       "      <td>90.70</td>\n",
       "      <td>92.09</td>\n",
       "      <td>90.58</td>\n",
       "      <td>247.77K</td>\n",
       "      <td>0.04%</td>\n",
       "    </tr>\n",
       "    <tr>\n",
       "      <th>2779</th>\n",
       "      <td>2014-09-24</td>\n",
       "      <td>92.80</td>\n",
       "      <td>91.72</td>\n",
       "      <td>93.29</td>\n",
       "      <td>91.12</td>\n",
       "      <td>282.63K</td>\n",
       "      <td>1.35%</td>\n",
       "    </tr>\n",
       "    <tr>\n",
       "      <th>...</th>\n",
       "      <td>...</td>\n",
       "      <td>...</td>\n",
       "      <td>...</td>\n",
       "      <td>...</td>\n",
       "      <td>...</td>\n",
       "      <td>...</td>\n",
       "      <td>...</td>\n",
       "    </tr>\n",
       "    <tr>\n",
       "      <th>4</th>\n",
       "      <td>2025-04-11</td>\n",
       "      <td>61.50</td>\n",
       "      <td>60.20</td>\n",
       "      <td>61.87</td>\n",
       "      <td>59.43</td>\n",
       "      <td>306.23K</td>\n",
       "      <td>2.38%</td>\n",
       "    </tr>\n",
       "    <tr>\n",
       "      <th>3</th>\n",
       "      <td>2025-04-14</td>\n",
       "      <td>61.53</td>\n",
       "      <td>61.70</td>\n",
       "      <td>62.68</td>\n",
       "      <td>60.59</td>\n",
       "      <td>238.07K</td>\n",
       "      <td>0.05%</td>\n",
       "    </tr>\n",
       "    <tr>\n",
       "      <th>2</th>\n",
       "      <td>2025-04-15</td>\n",
       "      <td>61.33</td>\n",
       "      <td>61.58</td>\n",
       "      <td>62.06</td>\n",
       "      <td>60.88</td>\n",
       "      <td>197.40K</td>\n",
       "      <td>-0.33%</td>\n",
       "    </tr>\n",
       "    <tr>\n",
       "      <th>1</th>\n",
       "      <td>2025-04-16</td>\n",
       "      <td>62.47</td>\n",
       "      <td>61.54</td>\n",
       "      <td>62.98</td>\n",
       "      <td>60.44</td>\n",
       "      <td>213.19K</td>\n",
       "      <td>1.86%</td>\n",
       "    </tr>\n",
       "    <tr>\n",
       "      <th>0</th>\n",
       "      <td>2025-04-17</td>\n",
       "      <td>64.68</td>\n",
       "      <td>62.63</td>\n",
       "      <td>64.86</td>\n",
       "      <td>62.61</td>\n",
       "      <td>111.48K</td>\n",
       "      <td>3.54%</td>\n",
       "    </tr>\n",
       "  </tbody>\n",
       "</table>\n",
       "<p>2784 rows × 7 columns</p>\n",
       "</div>"
      ],
      "text/plain": [
       "           Date  Price   Open   High    Low     Vol. Change %\n",
       "2783 2014-09-18  93.07  93.97  94.82  92.85  170.77K   -1.43%\n",
       "2782 2014-09-19  92.41  92.97  93.22  91.85   92.78K   -0.71%\n",
       "2781 2014-09-22  91.52  92.22  92.64  91.20   23.94K   -0.96%\n",
       "2780 2014-09-23  91.56  90.70  92.09  90.58  247.77K    0.04%\n",
       "2779 2014-09-24  92.80  91.72  93.29  91.12  282.63K    1.35%\n",
       "...         ...    ...    ...    ...    ...      ...      ...\n",
       "4    2025-04-11  61.50  60.20  61.87  59.43  306.23K    2.38%\n",
       "3    2025-04-14  61.53  61.70  62.68  60.59  238.07K    0.05%\n",
       "2    2025-04-15  61.33  61.58  62.06  60.88  197.40K   -0.33%\n",
       "1    2025-04-16  62.47  61.54  62.98  60.44  213.19K    1.86%\n",
       "0    2025-04-17  64.68  62.63  64.86  62.61  111.48K    3.54%\n",
       "\n",
       "[2784 rows x 7 columns]"
      ]
     },
     "execution_count": 4,
     "metadata": {},
     "output_type": "execute_result"
    }
   ],
   "source": [
    "# reverse the dataframe using Date column\n",
    "df = df.sort_values(by='Date', ascending=True)\n",
    "df"
   ]
  },
  {
   "cell_type": "code",
   "execution_count": 5,
   "id": "fb71abc7",
   "metadata": {},
   "outputs": [
    {
     "data": {
      "text/html": [
       "<div>\n",
       "<style scoped>\n",
       "    .dataframe tbody tr th:only-of-type {\n",
       "        vertical-align: middle;\n",
       "    }\n",
       "\n",
       "    .dataframe tbody tr th {\n",
       "        vertical-align: top;\n",
       "    }\n",
       "\n",
       "    .dataframe thead th {\n",
       "        text-align: right;\n",
       "    }\n",
       "</style>\n",
       "<table border=\"1\" class=\"dataframe\">\n",
       "  <thead>\n",
       "    <tr style=\"text-align: right;\">\n",
       "      <th></th>\n",
       "      <th>Date</th>\n",
       "      <th>Price</th>\n",
       "      <th>Open</th>\n",
       "      <th>High</th>\n",
       "      <th>Low</th>\n",
       "      <th>Vol.</th>\n",
       "      <th>Change %</th>\n",
       "    </tr>\n",
       "  </thead>\n",
       "  <tbody>\n",
       "    <tr>\n",
       "      <th>0</th>\n",
       "      <td>2014-09-18</td>\n",
       "      <td>93.07</td>\n",
       "      <td>93.97</td>\n",
       "      <td>94.82</td>\n",
       "      <td>92.85</td>\n",
       "      <td>170.77K</td>\n",
       "      <td>-1.43%</td>\n",
       "    </tr>\n",
       "    <tr>\n",
       "      <th>1</th>\n",
       "      <td>2014-09-19</td>\n",
       "      <td>92.41</td>\n",
       "      <td>92.97</td>\n",
       "      <td>93.22</td>\n",
       "      <td>91.85</td>\n",
       "      <td>92.78K</td>\n",
       "      <td>-0.71%</td>\n",
       "    </tr>\n",
       "    <tr>\n",
       "      <th>2</th>\n",
       "      <td>2014-09-20</td>\n",
       "      <td>92.41</td>\n",
       "      <td>92.97</td>\n",
       "      <td>93.22</td>\n",
       "      <td>91.85</td>\n",
       "      <td>92.78K</td>\n",
       "      <td>-0.71%</td>\n",
       "    </tr>\n",
       "    <tr>\n",
       "      <th>3</th>\n",
       "      <td>2014-09-21</td>\n",
       "      <td>91.52</td>\n",
       "      <td>92.22</td>\n",
       "      <td>92.64</td>\n",
       "      <td>91.20</td>\n",
       "      <td>23.94K</td>\n",
       "      <td>-0.96%</td>\n",
       "    </tr>\n",
       "    <tr>\n",
       "      <th>4</th>\n",
       "      <td>2014-09-22</td>\n",
       "      <td>91.52</td>\n",
       "      <td>92.22</td>\n",
       "      <td>92.64</td>\n",
       "      <td>91.20</td>\n",
       "      <td>23.94K</td>\n",
       "      <td>-0.96%</td>\n",
       "    </tr>\n",
       "    <tr>\n",
       "      <th>...</th>\n",
       "      <td>...</td>\n",
       "      <td>...</td>\n",
       "      <td>...</td>\n",
       "      <td>...</td>\n",
       "      <td>...</td>\n",
       "      <td>...</td>\n",
       "      <td>...</td>\n",
       "    </tr>\n",
       "    <tr>\n",
       "      <th>3863</th>\n",
       "      <td>2025-04-16</td>\n",
       "      <td>62.47</td>\n",
       "      <td>61.54</td>\n",
       "      <td>62.98</td>\n",
       "      <td>60.44</td>\n",
       "      <td>213.19K</td>\n",
       "      <td>1.86%</td>\n",
       "    </tr>\n",
       "    <tr>\n",
       "      <th>3864</th>\n",
       "      <td>2025-04-17</td>\n",
       "      <td>64.68</td>\n",
       "      <td>62.63</td>\n",
       "      <td>64.86</td>\n",
       "      <td>62.61</td>\n",
       "      <td>111.48K</td>\n",
       "      <td>3.54%</td>\n",
       "    </tr>\n",
       "    <tr>\n",
       "      <th>3865</th>\n",
       "      <td>2025-04-18</td>\n",
       "      <td>64.68</td>\n",
       "      <td>62.63</td>\n",
       "      <td>64.86</td>\n",
       "      <td>62.61</td>\n",
       "      <td>111.48K</td>\n",
       "      <td>3.54%</td>\n",
       "    </tr>\n",
       "    <tr>\n",
       "      <th>3866</th>\n",
       "      <td>2025-04-19</td>\n",
       "      <td>64.68</td>\n",
       "      <td>62.63</td>\n",
       "      <td>64.86</td>\n",
       "      <td>62.61</td>\n",
       "      <td>111.48K</td>\n",
       "      <td>3.54%</td>\n",
       "    </tr>\n",
       "    <tr>\n",
       "      <th>3867</th>\n",
       "      <td>2025-04-20</td>\n",
       "      <td>64.68</td>\n",
       "      <td>62.63</td>\n",
       "      <td>64.86</td>\n",
       "      <td>62.61</td>\n",
       "      <td>111.48K</td>\n",
       "      <td>3.54%</td>\n",
       "    </tr>\n",
       "  </tbody>\n",
       "</table>\n",
       "<p>3868 rows × 7 columns</p>\n",
       "</div>"
      ],
      "text/plain": [
       "           Date  Price   Open   High    Low     Vol. Change %\n",
       "0    2014-09-18  93.07  93.97  94.82  92.85  170.77K   -1.43%\n",
       "1    2014-09-19  92.41  92.97  93.22  91.85   92.78K   -0.71%\n",
       "2    2014-09-20  92.41  92.97  93.22  91.85   92.78K   -0.71%\n",
       "3    2014-09-21  91.52  92.22  92.64  91.20   23.94K   -0.96%\n",
       "4    2014-09-22  91.52  92.22  92.64  91.20   23.94K   -0.96%\n",
       "...         ...    ...    ...    ...    ...      ...      ...\n",
       "3863 2025-04-16  62.47  61.54  62.98  60.44  213.19K    1.86%\n",
       "3864 2025-04-17  64.68  62.63  64.86  62.61  111.48K    3.54%\n",
       "3865 2025-04-18  64.68  62.63  64.86  62.61  111.48K    3.54%\n",
       "3866 2025-04-19  64.68  62.63  64.86  62.61  111.48K    3.54%\n",
       "3867 2025-04-20  64.68  62.63  64.86  62.61  111.48K    3.54%\n",
       "\n",
       "[3868 rows x 7 columns]"
      ]
     },
     "execution_count": 5,
     "metadata": {},
     "output_type": "execute_result"
    }
   ],
   "source": [
    "start_date = pd.to_datetime('2014-09-18')\n",
    "end_date = pd.to_datetime('2025-04-20')\n",
    "\n",
    "date_range = pd.date_range(start=start_date, end=end_date)\n",
    "df = df.set_index('Date').reindex(date_range, method='nearest').reset_index()\n",
    "df.rename(columns={'index': 'Date'}, inplace=True)\n",
    "df"
   ]
  },
  {
   "cell_type": "code",
   "execution_count": 6,
   "id": "154cae69",
   "metadata": {},
   "outputs": [],
   "source": [
    "df_data = pd.read_csv('data/data.csv')\n",
    "\n",
    "# check if date column exists in data/data.csv\n",
    "if 'Date' not in df_data.columns:\n",
    "    # set Date column using df['Date']\n",
    "    df_data['Date'] = df['Date']\n",
    "\n",
    "if 'Oil Open' not in df_data.columns:\n",
    "    df_data['Oil Open'] = df['Open']\n",
    "\n",
    "# convert Date column to datetime\n",
    "df_data['Date'] = pd.to_datetime(df_data['Date'], format='%Y-%m-%d')\n",
    "\n",
    "# check if there are missing newer dates in data/data.csv compared to date_range\n",
    "if df_data['Date'].max() < df['Date'].max():\n",
    "    # add missing dates to data/data.csv\n",
    "    missing_dates = df[~df['Date'].isin(df_data['Date'])]\n",
    "    missing_dates = missing_dates[['Date', 'Open']]\n",
    "    missing_dates.rename(columns={'Open': 'Oil Open'}, inplace=True)\n",
    "    df_data = pd.concat([df_data, missing_dates], ignore_index=True)\n",
    "\n",
    "# write the updated data/data.csv\n",
    "df_data.to_csv('data/data.csv', index=False)"
   ]
  }
 ],
 "metadata": {
  "kernelspec": {
   "display_name": ".venv",
   "language": "python",
   "name": "python3"
  },
  "language_info": {
   "codemirror_mode": {
    "name": "ipython",
    "version": 3
   },
   "file_extension": ".py",
   "mimetype": "text/x-python",
   "name": "python",
   "nbconvert_exporter": "python",
   "pygments_lexer": "ipython3",
   "version": "3.10.12"
  }
 },
 "nbformat": 4,
 "nbformat_minor": 5
}
