{
 "cells": [
  {
   "cell_type": "code",
   "execution_count": 7,
   "id": "f09ded9c",
   "metadata": {},
   "outputs": [],
   "source": [
    "import pandas as pd"
   ]
  },
  {
   "cell_type": "code",
   "execution_count": 8,
   "id": "5a9834d3",
   "metadata": {},
   "outputs": [
    {
     "data": {
      "text/html": [
       "<div>\n",
       "<style scoped>\n",
       "    .dataframe tbody tr th:only-of-type {\n",
       "        vertical-align: middle;\n",
       "    }\n",
       "\n",
       "    .dataframe tbody tr th {\n",
       "        vertical-align: top;\n",
       "    }\n",
       "\n",
       "    .dataframe thead th {\n",
       "        text-align: right;\n",
       "    }\n",
       "</style>\n",
       "<table border=\"1\" class=\"dataframe\">\n",
       "  <thead>\n",
       "    <tr style=\"text-align: right;\">\n",
       "      <th></th>\n",
       "      <th>Date</th>\n",
       "      <th>Price</th>\n",
       "      <th>Open</th>\n",
       "      <th>High</th>\n",
       "      <th>Low</th>\n",
       "      <th>Vol.</th>\n",
       "      <th>Change %</th>\n",
       "    </tr>\n",
       "  </thead>\n",
       "  <tbody>\n",
       "    <tr>\n",
       "      <th>0</th>\n",
       "      <td>04/18/2025</td>\n",
       "      <td>32.545</td>\n",
       "      <td>32.545</td>\n",
       "      <td>32.545</td>\n",
       "      <td>32.545</td>\n",
       "      <td>NaN</td>\n",
       "      <td>0.23%</td>\n",
       "    </tr>\n",
       "    <tr>\n",
       "      <th>1</th>\n",
       "      <td>04/17/2025</td>\n",
       "      <td>32.470</td>\n",
       "      <td>32.770</td>\n",
       "      <td>32.925</td>\n",
       "      <td>32.110</td>\n",
       "      <td>50.11K</td>\n",
       "      <td>-1.55%</td>\n",
       "    </tr>\n",
       "    <tr>\n",
       "      <th>2</th>\n",
       "      <td>04/16/2025</td>\n",
       "      <td>32.980</td>\n",
       "      <td>32.305</td>\n",
       "      <td>33.175</td>\n",
       "      <td>32.255</td>\n",
       "      <td>63.04K</td>\n",
       "      <td>2.11%</td>\n",
       "    </tr>\n",
       "    <tr>\n",
       "      <th>3</th>\n",
       "      <td>04/15/2025</td>\n",
       "      <td>32.297</td>\n",
       "      <td>32.280</td>\n",
       "      <td>32.425</td>\n",
       "      <td>32.070</td>\n",
       "      <td>38.57K</td>\n",
       "      <td>0.40%</td>\n",
       "    </tr>\n",
       "    <tr>\n",
       "      <th>4</th>\n",
       "      <td>04/14/2025</td>\n",
       "      <td>32.167</td>\n",
       "      <td>32.195</td>\n",
       "      <td>32.380</td>\n",
       "      <td>31.655</td>\n",
       "      <td>60.90K</td>\n",
       "      <td>0.81%</td>\n",
       "    </tr>\n",
       "    <tr>\n",
       "      <th>...</th>\n",
       "      <td>...</td>\n",
       "      <td>...</td>\n",
       "      <td>...</td>\n",
       "      <td>...</td>\n",
       "      <td>...</td>\n",
       "      <td>...</td>\n",
       "      <td>...</td>\n",
       "    </tr>\n",
       "    <tr>\n",
       "      <th>2739</th>\n",
       "      <td>09/24/2014</td>\n",
       "      <td>17.702</td>\n",
       "      <td>17.765</td>\n",
       "      <td>17.870</td>\n",
       "      <td>17.510</td>\n",
       "      <td>51.46K</td>\n",
       "      <td>-0.43%</td>\n",
       "    </tr>\n",
       "    <tr>\n",
       "      <th>2740</th>\n",
       "      <td>09/23/2014</td>\n",
       "      <td>17.779</td>\n",
       "      <td>17.725</td>\n",
       "      <td>17.990</td>\n",
       "      <td>17.610</td>\n",
       "      <td>48.47K</td>\n",
       "      <td>0.03%</td>\n",
       "    </tr>\n",
       "    <tr>\n",
       "      <th>2741</th>\n",
       "      <td>09/22/2014</td>\n",
       "      <td>17.774</td>\n",
       "      <td>17.855</td>\n",
       "      <td>17.865</td>\n",
       "      <td>17.325</td>\n",
       "      <td>76.99K</td>\n",
       "      <td>-0.39%</td>\n",
       "    </tr>\n",
       "    <tr>\n",
       "      <th>2742</th>\n",
       "      <td>09/19/2014</td>\n",
       "      <td>17.844</td>\n",
       "      <td>18.525</td>\n",
       "      <td>18.595</td>\n",
       "      <td>17.780</td>\n",
       "      <td>66.51K</td>\n",
       "      <td>-3.63%</td>\n",
       "    </tr>\n",
       "    <tr>\n",
       "      <th>2743</th>\n",
       "      <td>09/18/2014</td>\n",
       "      <td>18.517</td>\n",
       "      <td>18.510</td>\n",
       "      <td>18.620</td>\n",
       "      <td>18.270</td>\n",
       "      <td>44.86K</td>\n",
       "      <td>-1.16%</td>\n",
       "    </tr>\n",
       "  </tbody>\n",
       "</table>\n",
       "<p>2744 rows × 7 columns</p>\n",
       "</div>"
      ],
      "text/plain": [
       "            Date   Price    Open    High     Low    Vol. Change %\n",
       "0     04/18/2025  32.545  32.545  32.545  32.545     NaN    0.23%\n",
       "1     04/17/2025  32.470  32.770  32.925  32.110  50.11K   -1.55%\n",
       "2     04/16/2025  32.980  32.305  33.175  32.255  63.04K    2.11%\n",
       "3     04/15/2025  32.297  32.280  32.425  32.070  38.57K    0.40%\n",
       "4     04/14/2025  32.167  32.195  32.380  31.655  60.90K    0.81%\n",
       "...          ...     ...     ...     ...     ...     ...      ...\n",
       "2739  09/24/2014  17.702  17.765  17.870  17.510  51.46K   -0.43%\n",
       "2740  09/23/2014  17.779  17.725  17.990  17.610  48.47K    0.03%\n",
       "2741  09/22/2014  17.774  17.855  17.865  17.325  76.99K   -0.39%\n",
       "2742  09/19/2014  17.844  18.525  18.595  17.780  66.51K   -3.63%\n",
       "2743  09/18/2014  18.517  18.510  18.620  18.270  44.86K   -1.16%\n",
       "\n",
       "[2744 rows x 7 columns]"
      ]
     },
     "execution_count": 8,
     "metadata": {},
     "output_type": "execute_result"
    }
   ],
   "source": [
    "df = pd.read_csv('data/silver.csv')\n",
    "df"
   ]
  },
  {
   "cell_type": "code",
   "execution_count": 9,
   "id": "caf14719",
   "metadata": {},
   "outputs": [
    {
     "data": {
      "text/html": [
       "<div>\n",
       "<style scoped>\n",
       "    .dataframe tbody tr th:only-of-type {\n",
       "        vertical-align: middle;\n",
       "    }\n",
       "\n",
       "    .dataframe tbody tr th {\n",
       "        vertical-align: top;\n",
       "    }\n",
       "\n",
       "    .dataframe thead th {\n",
       "        text-align: right;\n",
       "    }\n",
       "</style>\n",
       "<table border=\"1\" class=\"dataframe\">\n",
       "  <thead>\n",
       "    <tr style=\"text-align: right;\">\n",
       "      <th></th>\n",
       "      <th>Date</th>\n",
       "      <th>Price</th>\n",
       "      <th>Open</th>\n",
       "      <th>High</th>\n",
       "      <th>Low</th>\n",
       "      <th>Vol.</th>\n",
       "      <th>Change %</th>\n",
       "    </tr>\n",
       "  </thead>\n",
       "  <tbody>\n",
       "    <tr>\n",
       "      <th>0</th>\n",
       "      <td>2025-04-18</td>\n",
       "      <td>32.545</td>\n",
       "      <td>32.545</td>\n",
       "      <td>32.545</td>\n",
       "      <td>32.545</td>\n",
       "      <td>NaN</td>\n",
       "      <td>0.23%</td>\n",
       "    </tr>\n",
       "    <tr>\n",
       "      <th>1</th>\n",
       "      <td>2025-04-17</td>\n",
       "      <td>32.470</td>\n",
       "      <td>32.770</td>\n",
       "      <td>32.925</td>\n",
       "      <td>32.110</td>\n",
       "      <td>50.11K</td>\n",
       "      <td>-1.55%</td>\n",
       "    </tr>\n",
       "    <tr>\n",
       "      <th>2</th>\n",
       "      <td>2025-04-16</td>\n",
       "      <td>32.980</td>\n",
       "      <td>32.305</td>\n",
       "      <td>33.175</td>\n",
       "      <td>32.255</td>\n",
       "      <td>63.04K</td>\n",
       "      <td>2.11%</td>\n",
       "    </tr>\n",
       "    <tr>\n",
       "      <th>3</th>\n",
       "      <td>2025-04-15</td>\n",
       "      <td>32.297</td>\n",
       "      <td>32.280</td>\n",
       "      <td>32.425</td>\n",
       "      <td>32.070</td>\n",
       "      <td>38.57K</td>\n",
       "      <td>0.40%</td>\n",
       "    </tr>\n",
       "    <tr>\n",
       "      <th>4</th>\n",
       "      <td>2025-04-14</td>\n",
       "      <td>32.167</td>\n",
       "      <td>32.195</td>\n",
       "      <td>32.380</td>\n",
       "      <td>31.655</td>\n",
       "      <td>60.90K</td>\n",
       "      <td>0.81%</td>\n",
       "    </tr>\n",
       "    <tr>\n",
       "      <th>...</th>\n",
       "      <td>...</td>\n",
       "      <td>...</td>\n",
       "      <td>...</td>\n",
       "      <td>...</td>\n",
       "      <td>...</td>\n",
       "      <td>...</td>\n",
       "      <td>...</td>\n",
       "    </tr>\n",
       "    <tr>\n",
       "      <th>2739</th>\n",
       "      <td>2014-09-24</td>\n",
       "      <td>17.702</td>\n",
       "      <td>17.765</td>\n",
       "      <td>17.870</td>\n",
       "      <td>17.510</td>\n",
       "      <td>51.46K</td>\n",
       "      <td>-0.43%</td>\n",
       "    </tr>\n",
       "    <tr>\n",
       "      <th>2740</th>\n",
       "      <td>2014-09-23</td>\n",
       "      <td>17.779</td>\n",
       "      <td>17.725</td>\n",
       "      <td>17.990</td>\n",
       "      <td>17.610</td>\n",
       "      <td>48.47K</td>\n",
       "      <td>0.03%</td>\n",
       "    </tr>\n",
       "    <tr>\n",
       "      <th>2741</th>\n",
       "      <td>2014-09-22</td>\n",
       "      <td>17.774</td>\n",
       "      <td>17.855</td>\n",
       "      <td>17.865</td>\n",
       "      <td>17.325</td>\n",
       "      <td>76.99K</td>\n",
       "      <td>-0.39%</td>\n",
       "    </tr>\n",
       "    <tr>\n",
       "      <th>2742</th>\n",
       "      <td>2014-09-19</td>\n",
       "      <td>17.844</td>\n",
       "      <td>18.525</td>\n",
       "      <td>18.595</td>\n",
       "      <td>17.780</td>\n",
       "      <td>66.51K</td>\n",
       "      <td>-3.63%</td>\n",
       "    </tr>\n",
       "    <tr>\n",
       "      <th>2743</th>\n",
       "      <td>2014-09-18</td>\n",
       "      <td>18.517</td>\n",
       "      <td>18.510</td>\n",
       "      <td>18.620</td>\n",
       "      <td>18.270</td>\n",
       "      <td>44.86K</td>\n",
       "      <td>-1.16%</td>\n",
       "    </tr>\n",
       "  </tbody>\n",
       "</table>\n",
       "<p>2744 rows × 7 columns</p>\n",
       "</div>"
      ],
      "text/plain": [
       "           Date   Price    Open    High     Low    Vol. Change %\n",
       "0    2025-04-18  32.545  32.545  32.545  32.545     NaN    0.23%\n",
       "1    2025-04-17  32.470  32.770  32.925  32.110  50.11K   -1.55%\n",
       "2    2025-04-16  32.980  32.305  33.175  32.255  63.04K    2.11%\n",
       "3    2025-04-15  32.297  32.280  32.425  32.070  38.57K    0.40%\n",
       "4    2025-04-14  32.167  32.195  32.380  31.655  60.90K    0.81%\n",
       "...         ...     ...     ...     ...     ...     ...      ...\n",
       "2739 2014-09-24  17.702  17.765  17.870  17.510  51.46K   -0.43%\n",
       "2740 2014-09-23  17.779  17.725  17.990  17.610  48.47K    0.03%\n",
       "2741 2014-09-22  17.774  17.855  17.865  17.325  76.99K   -0.39%\n",
       "2742 2014-09-19  17.844  18.525  18.595  17.780  66.51K   -3.63%\n",
       "2743 2014-09-18  18.517  18.510  18.620  18.270  44.86K   -1.16%\n",
       "\n",
       "[2744 rows x 7 columns]"
      ]
     },
     "execution_count": 9,
     "metadata": {},
     "output_type": "execute_result"
    }
   ],
   "source": [
    "# transform Date column to datetime from dd/mm/yyyy\n",
    "df['Date'] = pd.to_datetime(df['Date'], format='%m/%d/%Y')\n",
    "\n",
    "# transform price,open,high,low columns to double\n",
    "df['Price'] = df['Price'].replace(',', '', regex=True).astype(float)\n",
    "df['Open'] = df['Open'].replace(',', '', regex=True).astype(float)\n",
    "df['High'] = df['High'].replace(',', '', regex=True).astype(float)\n",
    "df['Low'] = df['Low'].replace(',', '', regex=True).astype(float)\n",
    "df"
   ]
  },
  {
   "cell_type": "code",
   "execution_count": 10,
   "id": "82b16dc7",
   "metadata": {},
   "outputs": [
    {
     "data": {
      "text/html": [
       "<div>\n",
       "<style scoped>\n",
       "    .dataframe tbody tr th:only-of-type {\n",
       "        vertical-align: middle;\n",
       "    }\n",
       "\n",
       "    .dataframe tbody tr th {\n",
       "        vertical-align: top;\n",
       "    }\n",
       "\n",
       "    .dataframe thead th {\n",
       "        text-align: right;\n",
       "    }\n",
       "</style>\n",
       "<table border=\"1\" class=\"dataframe\">\n",
       "  <thead>\n",
       "    <tr style=\"text-align: right;\">\n",
       "      <th></th>\n",
       "      <th>Date</th>\n",
       "      <th>Price</th>\n",
       "      <th>Open</th>\n",
       "      <th>High</th>\n",
       "      <th>Low</th>\n",
       "      <th>Vol.</th>\n",
       "      <th>Change %</th>\n",
       "    </tr>\n",
       "  </thead>\n",
       "  <tbody>\n",
       "    <tr>\n",
       "      <th>2743</th>\n",
       "      <td>2014-09-18</td>\n",
       "      <td>18.517</td>\n",
       "      <td>18.510</td>\n",
       "      <td>18.620</td>\n",
       "      <td>18.270</td>\n",
       "      <td>44.86K</td>\n",
       "      <td>-1.16%</td>\n",
       "    </tr>\n",
       "    <tr>\n",
       "      <th>2742</th>\n",
       "      <td>2014-09-19</td>\n",
       "      <td>17.844</td>\n",
       "      <td>18.525</td>\n",
       "      <td>18.595</td>\n",
       "      <td>17.780</td>\n",
       "      <td>66.51K</td>\n",
       "      <td>-3.63%</td>\n",
       "    </tr>\n",
       "    <tr>\n",
       "      <th>2741</th>\n",
       "      <td>2014-09-22</td>\n",
       "      <td>17.774</td>\n",
       "      <td>17.855</td>\n",
       "      <td>17.865</td>\n",
       "      <td>17.325</td>\n",
       "      <td>76.99K</td>\n",
       "      <td>-0.39%</td>\n",
       "    </tr>\n",
       "    <tr>\n",
       "      <th>2740</th>\n",
       "      <td>2014-09-23</td>\n",
       "      <td>17.779</td>\n",
       "      <td>17.725</td>\n",
       "      <td>17.990</td>\n",
       "      <td>17.610</td>\n",
       "      <td>48.47K</td>\n",
       "      <td>0.03%</td>\n",
       "    </tr>\n",
       "    <tr>\n",
       "      <th>2739</th>\n",
       "      <td>2014-09-24</td>\n",
       "      <td>17.702</td>\n",
       "      <td>17.765</td>\n",
       "      <td>17.870</td>\n",
       "      <td>17.510</td>\n",
       "      <td>51.46K</td>\n",
       "      <td>-0.43%</td>\n",
       "    </tr>\n",
       "    <tr>\n",
       "      <th>...</th>\n",
       "      <td>...</td>\n",
       "      <td>...</td>\n",
       "      <td>...</td>\n",
       "      <td>...</td>\n",
       "      <td>...</td>\n",
       "      <td>...</td>\n",
       "      <td>...</td>\n",
       "    </tr>\n",
       "    <tr>\n",
       "      <th>4</th>\n",
       "      <td>2025-04-14</td>\n",
       "      <td>32.167</td>\n",
       "      <td>32.195</td>\n",
       "      <td>32.380</td>\n",
       "      <td>31.655</td>\n",
       "      <td>60.90K</td>\n",
       "      <td>0.81%</td>\n",
       "    </tr>\n",
       "    <tr>\n",
       "      <th>3</th>\n",
       "      <td>2025-04-15</td>\n",
       "      <td>32.297</td>\n",
       "      <td>32.280</td>\n",
       "      <td>32.425</td>\n",
       "      <td>32.070</td>\n",
       "      <td>38.57K</td>\n",
       "      <td>0.40%</td>\n",
       "    </tr>\n",
       "    <tr>\n",
       "      <th>2</th>\n",
       "      <td>2025-04-16</td>\n",
       "      <td>32.980</td>\n",
       "      <td>32.305</td>\n",
       "      <td>33.175</td>\n",
       "      <td>32.255</td>\n",
       "      <td>63.04K</td>\n",
       "      <td>2.11%</td>\n",
       "    </tr>\n",
       "    <tr>\n",
       "      <th>1</th>\n",
       "      <td>2025-04-17</td>\n",
       "      <td>32.470</td>\n",
       "      <td>32.770</td>\n",
       "      <td>32.925</td>\n",
       "      <td>32.110</td>\n",
       "      <td>50.11K</td>\n",
       "      <td>-1.55%</td>\n",
       "    </tr>\n",
       "    <tr>\n",
       "      <th>0</th>\n",
       "      <td>2025-04-18</td>\n",
       "      <td>32.545</td>\n",
       "      <td>32.545</td>\n",
       "      <td>32.545</td>\n",
       "      <td>32.545</td>\n",
       "      <td>NaN</td>\n",
       "      <td>0.23%</td>\n",
       "    </tr>\n",
       "  </tbody>\n",
       "</table>\n",
       "<p>2744 rows × 7 columns</p>\n",
       "</div>"
      ],
      "text/plain": [
       "           Date   Price    Open    High     Low    Vol. Change %\n",
       "2743 2014-09-18  18.517  18.510  18.620  18.270  44.86K   -1.16%\n",
       "2742 2014-09-19  17.844  18.525  18.595  17.780  66.51K   -3.63%\n",
       "2741 2014-09-22  17.774  17.855  17.865  17.325  76.99K   -0.39%\n",
       "2740 2014-09-23  17.779  17.725  17.990  17.610  48.47K    0.03%\n",
       "2739 2014-09-24  17.702  17.765  17.870  17.510  51.46K   -0.43%\n",
       "...         ...     ...     ...     ...     ...     ...      ...\n",
       "4    2025-04-14  32.167  32.195  32.380  31.655  60.90K    0.81%\n",
       "3    2025-04-15  32.297  32.280  32.425  32.070  38.57K    0.40%\n",
       "2    2025-04-16  32.980  32.305  33.175  32.255  63.04K    2.11%\n",
       "1    2025-04-17  32.470  32.770  32.925  32.110  50.11K   -1.55%\n",
       "0    2025-04-18  32.545  32.545  32.545  32.545     NaN    0.23%\n",
       "\n",
       "[2744 rows x 7 columns]"
      ]
     },
     "execution_count": 10,
     "metadata": {},
     "output_type": "execute_result"
    }
   ],
   "source": [
    "# reverse the dataframe using Date column\n",
    "df = df.sort_values(by='Date', ascending=True)\n",
    "df"
   ]
  },
  {
   "cell_type": "code",
   "execution_count": 11,
   "id": "fb71abc7",
   "metadata": {},
   "outputs": [
    {
     "data": {
      "text/html": [
       "<div>\n",
       "<style scoped>\n",
       "    .dataframe tbody tr th:only-of-type {\n",
       "        vertical-align: middle;\n",
       "    }\n",
       "\n",
       "    .dataframe tbody tr th {\n",
       "        vertical-align: top;\n",
       "    }\n",
       "\n",
       "    .dataframe thead th {\n",
       "        text-align: right;\n",
       "    }\n",
       "</style>\n",
       "<table border=\"1\" class=\"dataframe\">\n",
       "  <thead>\n",
       "    <tr style=\"text-align: right;\">\n",
       "      <th></th>\n",
       "      <th>Date</th>\n",
       "      <th>Price</th>\n",
       "      <th>Open</th>\n",
       "      <th>High</th>\n",
       "      <th>Low</th>\n",
       "      <th>Vol.</th>\n",
       "      <th>Change %</th>\n",
       "    </tr>\n",
       "  </thead>\n",
       "  <tbody>\n",
       "    <tr>\n",
       "      <th>0</th>\n",
       "      <td>2014-09-18</td>\n",
       "      <td>18.517</td>\n",
       "      <td>18.510</td>\n",
       "      <td>18.620</td>\n",
       "      <td>18.270</td>\n",
       "      <td>44.86K</td>\n",
       "      <td>-1.16%</td>\n",
       "    </tr>\n",
       "    <tr>\n",
       "      <th>1</th>\n",
       "      <td>2014-09-19</td>\n",
       "      <td>17.844</td>\n",
       "      <td>18.525</td>\n",
       "      <td>18.595</td>\n",
       "      <td>17.780</td>\n",
       "      <td>66.51K</td>\n",
       "      <td>-3.63%</td>\n",
       "    </tr>\n",
       "    <tr>\n",
       "      <th>2</th>\n",
       "      <td>2014-09-20</td>\n",
       "      <td>17.844</td>\n",
       "      <td>18.525</td>\n",
       "      <td>18.595</td>\n",
       "      <td>17.780</td>\n",
       "      <td>66.51K</td>\n",
       "      <td>-3.63%</td>\n",
       "    </tr>\n",
       "    <tr>\n",
       "      <th>3</th>\n",
       "      <td>2014-09-21</td>\n",
       "      <td>17.774</td>\n",
       "      <td>17.855</td>\n",
       "      <td>17.865</td>\n",
       "      <td>17.325</td>\n",
       "      <td>76.99K</td>\n",
       "      <td>-0.39%</td>\n",
       "    </tr>\n",
       "    <tr>\n",
       "      <th>4</th>\n",
       "      <td>2014-09-22</td>\n",
       "      <td>17.774</td>\n",
       "      <td>17.855</td>\n",
       "      <td>17.865</td>\n",
       "      <td>17.325</td>\n",
       "      <td>76.99K</td>\n",
       "      <td>-0.39%</td>\n",
       "    </tr>\n",
       "    <tr>\n",
       "      <th>...</th>\n",
       "      <td>...</td>\n",
       "      <td>...</td>\n",
       "      <td>...</td>\n",
       "      <td>...</td>\n",
       "      <td>...</td>\n",
       "      <td>...</td>\n",
       "      <td>...</td>\n",
       "    </tr>\n",
       "    <tr>\n",
       "      <th>3863</th>\n",
       "      <td>2025-04-16</td>\n",
       "      <td>32.980</td>\n",
       "      <td>32.305</td>\n",
       "      <td>33.175</td>\n",
       "      <td>32.255</td>\n",
       "      <td>63.04K</td>\n",
       "      <td>2.11%</td>\n",
       "    </tr>\n",
       "    <tr>\n",
       "      <th>3864</th>\n",
       "      <td>2025-04-17</td>\n",
       "      <td>32.470</td>\n",
       "      <td>32.770</td>\n",
       "      <td>32.925</td>\n",
       "      <td>32.110</td>\n",
       "      <td>50.11K</td>\n",
       "      <td>-1.55%</td>\n",
       "    </tr>\n",
       "    <tr>\n",
       "      <th>3865</th>\n",
       "      <td>2025-04-18</td>\n",
       "      <td>32.545</td>\n",
       "      <td>32.545</td>\n",
       "      <td>32.545</td>\n",
       "      <td>32.545</td>\n",
       "      <td>NaN</td>\n",
       "      <td>0.23%</td>\n",
       "    </tr>\n",
       "    <tr>\n",
       "      <th>3866</th>\n",
       "      <td>2025-04-19</td>\n",
       "      <td>32.545</td>\n",
       "      <td>32.545</td>\n",
       "      <td>32.545</td>\n",
       "      <td>32.545</td>\n",
       "      <td>NaN</td>\n",
       "      <td>0.23%</td>\n",
       "    </tr>\n",
       "    <tr>\n",
       "      <th>3867</th>\n",
       "      <td>2025-04-20</td>\n",
       "      <td>32.545</td>\n",
       "      <td>32.545</td>\n",
       "      <td>32.545</td>\n",
       "      <td>32.545</td>\n",
       "      <td>NaN</td>\n",
       "      <td>0.23%</td>\n",
       "    </tr>\n",
       "  </tbody>\n",
       "</table>\n",
       "<p>3868 rows × 7 columns</p>\n",
       "</div>"
      ],
      "text/plain": [
       "           Date   Price    Open    High     Low    Vol. Change %\n",
       "0    2014-09-18  18.517  18.510  18.620  18.270  44.86K   -1.16%\n",
       "1    2014-09-19  17.844  18.525  18.595  17.780  66.51K   -3.63%\n",
       "2    2014-09-20  17.844  18.525  18.595  17.780  66.51K   -3.63%\n",
       "3    2014-09-21  17.774  17.855  17.865  17.325  76.99K   -0.39%\n",
       "4    2014-09-22  17.774  17.855  17.865  17.325  76.99K   -0.39%\n",
       "...         ...     ...     ...     ...     ...     ...      ...\n",
       "3863 2025-04-16  32.980  32.305  33.175  32.255  63.04K    2.11%\n",
       "3864 2025-04-17  32.470  32.770  32.925  32.110  50.11K   -1.55%\n",
       "3865 2025-04-18  32.545  32.545  32.545  32.545     NaN    0.23%\n",
       "3866 2025-04-19  32.545  32.545  32.545  32.545     NaN    0.23%\n",
       "3867 2025-04-20  32.545  32.545  32.545  32.545     NaN    0.23%\n",
       "\n",
       "[3868 rows x 7 columns]"
      ]
     },
     "execution_count": 11,
     "metadata": {},
     "output_type": "execute_result"
    }
   ],
   "source": [
    "start_date = pd.to_datetime('2014-09-18')\n",
    "end_date = pd.to_datetime('2025-04-20')\n",
    "\n",
    "date_range = pd.date_range(start=start_date, end=end_date)\n",
    "df = df.set_index('Date').reindex(date_range, method='nearest').reset_index()\n",
    "df.rename(columns={'index': 'Date'}, inplace=True)\n",
    "df"
   ]
  },
  {
   "cell_type": "code",
   "execution_count": 12,
   "id": "154cae69",
   "metadata": {},
   "outputs": [],
   "source": [
    "df_data = pd.read_csv('data/data.csv')\n",
    "\n",
    "# check if date column exists in data/data.csv\n",
    "if 'Date' not in df_data.columns:\n",
    "    # set Date column using df['Date']\n",
    "    df_data['Date'] = df['Date']\n",
    "\n",
    "if 'Silver Open' not in df_data.columns:\n",
    "    df_data['Silver Open'] = df['Open']\n",
    "\n",
    "# convert Date column to datetime\n",
    "df_data['Date'] = pd.to_datetime(df_data['Date'], format='%Y-%m-%d')\n",
    "\n",
    "# check if there are missing newer dates in data/data.csv compared to date_range\n",
    "if df_data['Date'].max() < df['Date'].max():\n",
    "    # add missing dates to data/data.csv\n",
    "    missing_dates = df[~df['Date'].isin(df_data['Date'])]\n",
    "    missing_dates = missing_dates[['Date', 'Open']]\n",
    "    missing_dates.rename(columns={'Open': 'Silver Open'}, inplace=True)\n",
    "    df_data = pd.concat([df_data, missing_dates], ignore_index=True)\n",
    "\n",
    "# write the updated data/data.csv\n",
    "df_data.to_csv('data/data.csv', index=False)"
   ]
  }
 ],
 "metadata": {
  "kernelspec": {
   "display_name": ".venv",
   "language": "python",
   "name": "python3"
  },
  "language_info": {
   "codemirror_mode": {
    "name": "ipython",
    "version": 3
   },
   "file_extension": ".py",
   "mimetype": "text/x-python",
   "name": "python",
   "nbconvert_exporter": "python",
   "pygments_lexer": "ipython3",
   "version": "3.10.12"
  }
 },
 "nbformat": 4,
 "nbformat_minor": 5
}
