{
 "cells": [
  {
   "cell_type": "code",
   "execution_count": 7,
   "id": "f09ded9c",
   "metadata": {},
   "outputs": [],
   "source": [
    "import pandas as pd"
   ]
  },
  {
   "cell_type": "code",
   "execution_count": 8,
   "id": "5a9834d3",
   "metadata": {},
   "outputs": [
    {
     "data": {
      "text/html": [
       "<div>\n",
       "<style scoped>\n",
       "    .dataframe tbody tr th:only-of-type {\n",
       "        vertical-align: middle;\n",
       "    }\n",
       "\n",
       "    .dataframe tbody tr th {\n",
       "        vertical-align: top;\n",
       "    }\n",
       "\n",
       "    .dataframe thead th {\n",
       "        text-align: right;\n",
       "    }\n",
       "</style>\n",
       "<table border=\"1\" class=\"dataframe\">\n",
       "  <thead>\n",
       "    <tr style=\"text-align: right;\">\n",
       "      <th></th>\n",
       "      <th>Date</th>\n",
       "      <th>Price</th>\n",
       "      <th>Open</th>\n",
       "      <th>High</th>\n",
       "      <th>Low</th>\n",
       "      <th>Vol.</th>\n",
       "      <th>Change %</th>\n",
       "    </tr>\n",
       "  </thead>\n",
       "  <tbody>\n",
       "    <tr>\n",
       "      <th>0</th>\n",
       "      <td>04/20/2025</td>\n",
       "      <td>141.317</td>\n",
       "      <td>139.843</td>\n",
       "      <td>141.926</td>\n",
       "      <td>139.445</td>\n",
       "      <td>3.81M</td>\n",
       "      <td>1.09%</td>\n",
       "    </tr>\n",
       "    <tr>\n",
       "      <th>1</th>\n",
       "      <td>04/19/2025</td>\n",
       "      <td>139.791</td>\n",
       "      <td>134.092</td>\n",
       "      <td>140.334</td>\n",
       "      <td>133.611</td>\n",
       "      <td>4.56M</td>\n",
       "      <td>4.24%</td>\n",
       "    </tr>\n",
       "    <tr>\n",
       "      <th>2</th>\n",
       "      <td>04/18/2025</td>\n",
       "      <td>134.107</td>\n",
       "      <td>134.999</td>\n",
       "      <td>135.946</td>\n",
       "      <td>132.513</td>\n",
       "      <td>3.76M</td>\n",
       "      <td>-0.54%</td>\n",
       "    </tr>\n",
       "    <tr>\n",
       "      <th>3</th>\n",
       "      <td>04/17/2025</td>\n",
       "      <td>134.831</td>\n",
       "      <td>131.390</td>\n",
       "      <td>135.958</td>\n",
       "      <td>129.594</td>\n",
       "      <td>6.53M</td>\n",
       "      <td>2.67%</td>\n",
       "    </tr>\n",
       "    <tr>\n",
       "      <th>4</th>\n",
       "      <td>04/16/2025</td>\n",
       "      <td>131.327</td>\n",
       "      <td>125.916</td>\n",
       "      <td>133.702</td>\n",
       "      <td>123.556</td>\n",
       "      <td>8.66M</td>\n",
       "      <td>4.12%</td>\n",
       "    </tr>\n",
       "    <tr>\n",
       "      <th>...</th>\n",
       "      <td>...</td>\n",
       "      <td>...</td>\n",
       "      <td>...</td>\n",
       "      <td>...</td>\n",
       "      <td>...</td>\n",
       "      <td>...</td>\n",
       "      <td>...</td>\n",
       "    </tr>\n",
       "    <tr>\n",
       "      <th>1731</th>\n",
       "      <td>07/22/2020</td>\n",
       "      <td>1.046</td>\n",
       "      <td>1.004</td>\n",
       "      <td>1.087</td>\n",
       "      <td>1.003</td>\n",
       "      <td>NaN</td>\n",
       "      <td>4.17%</td>\n",
       "    </tr>\n",
       "    <tr>\n",
       "      <th>1732</th>\n",
       "      <td>07/21/2020</td>\n",
       "      <td>1.004</td>\n",
       "      <td>0.874</td>\n",
       "      <td>1.005</td>\n",
       "      <td>0.874</td>\n",
       "      <td>NaN</td>\n",
       "      <td>-27.41%</td>\n",
       "    </tr>\n",
       "    <tr>\n",
       "      <th>1733</th>\n",
       "      <td>07/15/2020</td>\n",
       "      <td>1.383</td>\n",
       "      <td>1.115</td>\n",
       "      <td>1.384</td>\n",
       "      <td>1.115</td>\n",
       "      <td>NaN</td>\n",
       "      <td>24.00%</td>\n",
       "    </tr>\n",
       "    <tr>\n",
       "      <th>1734</th>\n",
       "      <td>07/14/2020</td>\n",
       "      <td>1.115</td>\n",
       "      <td>1.279</td>\n",
       "      <td>1.279</td>\n",
       "      <td>1.114</td>\n",
       "      <td>NaN</td>\n",
       "      <td>-12.78%</td>\n",
       "    </tr>\n",
       "    <tr>\n",
       "      <th>1735</th>\n",
       "      <td>07/13/2020</td>\n",
       "      <td>1.279</td>\n",
       "      <td>1.009</td>\n",
       "      <td>1.279</td>\n",
       "      <td>1.009</td>\n",
       "      <td>NaN</td>\n",
       "      <td>26.71%</td>\n",
       "    </tr>\n",
       "  </tbody>\n",
       "</table>\n",
       "<p>1736 rows × 7 columns</p>\n",
       "</div>"
      ],
      "text/plain": [
       "            Date    Price     Open     High      Low   Vol. Change %\n",
       "0     04/20/2025  141.317  139.843  141.926  139.445  3.81M    1.09%\n",
       "1     04/19/2025  139.791  134.092  140.334  133.611  4.56M    4.24%\n",
       "2     04/18/2025  134.107  134.999  135.946  132.513  3.76M   -0.54%\n",
       "3     04/17/2025  134.831  131.390  135.958  129.594  6.53M    2.67%\n",
       "4     04/16/2025  131.327  125.916  133.702  123.556  8.66M    4.12%\n",
       "...          ...      ...      ...      ...      ...    ...      ...\n",
       "1731  07/22/2020    1.046    1.004    1.087    1.003    NaN    4.17%\n",
       "1732  07/21/2020    1.004    0.874    1.005    0.874    NaN  -27.41%\n",
       "1733  07/15/2020    1.383    1.115    1.384    1.115    NaN   24.00%\n",
       "1734  07/14/2020    1.115    1.279    1.279    1.114    NaN  -12.78%\n",
       "1735  07/13/2020    1.279    1.009    1.279    1.009    NaN   26.71%\n",
       "\n",
       "[1736 rows x 7 columns]"
      ]
     },
     "execution_count": 8,
     "metadata": {},
     "output_type": "execute_result"
    }
   ],
   "source": [
    "df = pd.read_csv('data/sol.csv')\n",
    "df"
   ]
  },
  {
   "cell_type": "code",
   "execution_count": 9,
   "id": "caf14719",
   "metadata": {},
   "outputs": [
    {
     "data": {
      "text/html": [
       "<div>\n",
       "<style scoped>\n",
       "    .dataframe tbody tr th:only-of-type {\n",
       "        vertical-align: middle;\n",
       "    }\n",
       "\n",
       "    .dataframe tbody tr th {\n",
       "        vertical-align: top;\n",
       "    }\n",
       "\n",
       "    .dataframe thead th {\n",
       "        text-align: right;\n",
       "    }\n",
       "</style>\n",
       "<table border=\"1\" class=\"dataframe\">\n",
       "  <thead>\n",
       "    <tr style=\"text-align: right;\">\n",
       "      <th></th>\n",
       "      <th>Date</th>\n",
       "      <th>Price</th>\n",
       "      <th>Open</th>\n",
       "      <th>High</th>\n",
       "      <th>Low</th>\n",
       "      <th>Vol.</th>\n",
       "      <th>Change %</th>\n",
       "    </tr>\n",
       "  </thead>\n",
       "  <tbody>\n",
       "    <tr>\n",
       "      <th>0</th>\n",
       "      <td>2025-04-20</td>\n",
       "      <td>141.317</td>\n",
       "      <td>139.843</td>\n",
       "      <td>141.926</td>\n",
       "      <td>139.445</td>\n",
       "      <td>3.81M</td>\n",
       "      <td>1.09%</td>\n",
       "    </tr>\n",
       "    <tr>\n",
       "      <th>1</th>\n",
       "      <td>2025-04-19</td>\n",
       "      <td>139.791</td>\n",
       "      <td>134.092</td>\n",
       "      <td>140.334</td>\n",
       "      <td>133.611</td>\n",
       "      <td>4.56M</td>\n",
       "      <td>4.24%</td>\n",
       "    </tr>\n",
       "    <tr>\n",
       "      <th>2</th>\n",
       "      <td>2025-04-18</td>\n",
       "      <td>134.107</td>\n",
       "      <td>134.999</td>\n",
       "      <td>135.946</td>\n",
       "      <td>132.513</td>\n",
       "      <td>3.76M</td>\n",
       "      <td>-0.54%</td>\n",
       "    </tr>\n",
       "    <tr>\n",
       "      <th>3</th>\n",
       "      <td>2025-04-17</td>\n",
       "      <td>134.831</td>\n",
       "      <td>131.390</td>\n",
       "      <td>135.958</td>\n",
       "      <td>129.594</td>\n",
       "      <td>6.53M</td>\n",
       "      <td>2.67%</td>\n",
       "    </tr>\n",
       "    <tr>\n",
       "      <th>4</th>\n",
       "      <td>2025-04-16</td>\n",
       "      <td>131.327</td>\n",
       "      <td>125.916</td>\n",
       "      <td>133.702</td>\n",
       "      <td>123.556</td>\n",
       "      <td>8.66M</td>\n",
       "      <td>4.12%</td>\n",
       "    </tr>\n",
       "    <tr>\n",
       "      <th>...</th>\n",
       "      <td>...</td>\n",
       "      <td>...</td>\n",
       "      <td>...</td>\n",
       "      <td>...</td>\n",
       "      <td>...</td>\n",
       "      <td>...</td>\n",
       "      <td>...</td>\n",
       "    </tr>\n",
       "    <tr>\n",
       "      <th>1731</th>\n",
       "      <td>2020-07-22</td>\n",
       "      <td>1.046</td>\n",
       "      <td>1.004</td>\n",
       "      <td>1.087</td>\n",
       "      <td>1.003</td>\n",
       "      <td>NaN</td>\n",
       "      <td>4.17%</td>\n",
       "    </tr>\n",
       "    <tr>\n",
       "      <th>1732</th>\n",
       "      <td>2020-07-21</td>\n",
       "      <td>1.004</td>\n",
       "      <td>0.874</td>\n",
       "      <td>1.005</td>\n",
       "      <td>0.874</td>\n",
       "      <td>NaN</td>\n",
       "      <td>-27.41%</td>\n",
       "    </tr>\n",
       "    <tr>\n",
       "      <th>1733</th>\n",
       "      <td>2020-07-15</td>\n",
       "      <td>1.383</td>\n",
       "      <td>1.115</td>\n",
       "      <td>1.384</td>\n",
       "      <td>1.115</td>\n",
       "      <td>NaN</td>\n",
       "      <td>24.00%</td>\n",
       "    </tr>\n",
       "    <tr>\n",
       "      <th>1734</th>\n",
       "      <td>2020-07-14</td>\n",
       "      <td>1.115</td>\n",
       "      <td>1.279</td>\n",
       "      <td>1.279</td>\n",
       "      <td>1.114</td>\n",
       "      <td>NaN</td>\n",
       "      <td>-12.78%</td>\n",
       "    </tr>\n",
       "    <tr>\n",
       "      <th>1735</th>\n",
       "      <td>2020-07-13</td>\n",
       "      <td>1.279</td>\n",
       "      <td>1.009</td>\n",
       "      <td>1.279</td>\n",
       "      <td>1.009</td>\n",
       "      <td>NaN</td>\n",
       "      <td>26.71%</td>\n",
       "    </tr>\n",
       "  </tbody>\n",
       "</table>\n",
       "<p>1736 rows × 7 columns</p>\n",
       "</div>"
      ],
      "text/plain": [
       "           Date    Price     Open     High      Low   Vol. Change %\n",
       "0    2025-04-20  141.317  139.843  141.926  139.445  3.81M    1.09%\n",
       "1    2025-04-19  139.791  134.092  140.334  133.611  4.56M    4.24%\n",
       "2    2025-04-18  134.107  134.999  135.946  132.513  3.76M   -0.54%\n",
       "3    2025-04-17  134.831  131.390  135.958  129.594  6.53M    2.67%\n",
       "4    2025-04-16  131.327  125.916  133.702  123.556  8.66M    4.12%\n",
       "...         ...      ...      ...      ...      ...    ...      ...\n",
       "1731 2020-07-22    1.046    1.004    1.087    1.003    NaN    4.17%\n",
       "1732 2020-07-21    1.004    0.874    1.005    0.874    NaN  -27.41%\n",
       "1733 2020-07-15    1.383    1.115    1.384    1.115    NaN   24.00%\n",
       "1734 2020-07-14    1.115    1.279    1.279    1.114    NaN  -12.78%\n",
       "1735 2020-07-13    1.279    1.009    1.279    1.009    NaN   26.71%\n",
       "\n",
       "[1736 rows x 7 columns]"
      ]
     },
     "execution_count": 9,
     "metadata": {},
     "output_type": "execute_result"
    }
   ],
   "source": [
    "# transform Date column to datetime from dd/mm/yyyy\n",
    "df['Date'] = pd.to_datetime(df['Date'], format='%m/%d/%Y')\n",
    "\n",
    "# transform price,open,high,low columns to double\n",
    "df['Price'] = df['Price'].replace(',', '', regex=True).astype(float)\n",
    "df['Open'] = df['Open'].replace(',', '', regex=True).astype(float)\n",
    "df['High'] = df['High'].replace(',', '', regex=True).astype(float)\n",
    "df['Low'] = df['Low'].replace(',', '', regex=True).astype(float)\n",
    "df"
   ]
  },
  {
   "cell_type": "code",
   "execution_count": 10,
   "id": "82b16dc7",
   "metadata": {},
   "outputs": [
    {
     "data": {
      "text/html": [
       "<div>\n",
       "<style scoped>\n",
       "    .dataframe tbody tr th:only-of-type {\n",
       "        vertical-align: middle;\n",
       "    }\n",
       "\n",
       "    .dataframe tbody tr th {\n",
       "        vertical-align: top;\n",
       "    }\n",
       "\n",
       "    .dataframe thead th {\n",
       "        text-align: right;\n",
       "    }\n",
       "</style>\n",
       "<table border=\"1\" class=\"dataframe\">\n",
       "  <thead>\n",
       "    <tr style=\"text-align: right;\">\n",
       "      <th></th>\n",
       "      <th>Date</th>\n",
       "      <th>Price</th>\n",
       "      <th>Open</th>\n",
       "      <th>High</th>\n",
       "      <th>Low</th>\n",
       "      <th>Vol.</th>\n",
       "      <th>Change %</th>\n",
       "    </tr>\n",
       "  </thead>\n",
       "  <tbody>\n",
       "    <tr>\n",
       "      <th>1735</th>\n",
       "      <td>2020-07-13</td>\n",
       "      <td>1.279</td>\n",
       "      <td>1.009</td>\n",
       "      <td>1.279</td>\n",
       "      <td>1.009</td>\n",
       "      <td>NaN</td>\n",
       "      <td>26.71%</td>\n",
       "    </tr>\n",
       "    <tr>\n",
       "      <th>1734</th>\n",
       "      <td>2020-07-14</td>\n",
       "      <td>1.115</td>\n",
       "      <td>1.279</td>\n",
       "      <td>1.279</td>\n",
       "      <td>1.114</td>\n",
       "      <td>NaN</td>\n",
       "      <td>-12.78%</td>\n",
       "    </tr>\n",
       "    <tr>\n",
       "      <th>1733</th>\n",
       "      <td>2020-07-15</td>\n",
       "      <td>1.383</td>\n",
       "      <td>1.115</td>\n",
       "      <td>1.384</td>\n",
       "      <td>1.115</td>\n",
       "      <td>NaN</td>\n",
       "      <td>24.00%</td>\n",
       "    </tr>\n",
       "    <tr>\n",
       "      <th>1732</th>\n",
       "      <td>2020-07-21</td>\n",
       "      <td>1.004</td>\n",
       "      <td>0.874</td>\n",
       "      <td>1.005</td>\n",
       "      <td>0.874</td>\n",
       "      <td>NaN</td>\n",
       "      <td>-27.41%</td>\n",
       "    </tr>\n",
       "    <tr>\n",
       "      <th>1731</th>\n",
       "      <td>2020-07-22</td>\n",
       "      <td>1.046</td>\n",
       "      <td>1.004</td>\n",
       "      <td>1.087</td>\n",
       "      <td>1.003</td>\n",
       "      <td>NaN</td>\n",
       "      <td>4.17%</td>\n",
       "    </tr>\n",
       "    <tr>\n",
       "      <th>...</th>\n",
       "      <td>...</td>\n",
       "      <td>...</td>\n",
       "      <td>...</td>\n",
       "      <td>...</td>\n",
       "      <td>...</td>\n",
       "      <td>...</td>\n",
       "      <td>...</td>\n",
       "    </tr>\n",
       "    <tr>\n",
       "      <th>4</th>\n",
       "      <td>2025-04-16</td>\n",
       "      <td>131.327</td>\n",
       "      <td>125.916</td>\n",
       "      <td>133.702</td>\n",
       "      <td>123.556</td>\n",
       "      <td>8.66M</td>\n",
       "      <td>4.12%</td>\n",
       "    </tr>\n",
       "    <tr>\n",
       "      <th>3</th>\n",
       "      <td>2025-04-17</td>\n",
       "      <td>134.831</td>\n",
       "      <td>131.390</td>\n",
       "      <td>135.958</td>\n",
       "      <td>129.594</td>\n",
       "      <td>6.53M</td>\n",
       "      <td>2.67%</td>\n",
       "    </tr>\n",
       "    <tr>\n",
       "      <th>2</th>\n",
       "      <td>2025-04-18</td>\n",
       "      <td>134.107</td>\n",
       "      <td>134.999</td>\n",
       "      <td>135.946</td>\n",
       "      <td>132.513</td>\n",
       "      <td>3.76M</td>\n",
       "      <td>-0.54%</td>\n",
       "    </tr>\n",
       "    <tr>\n",
       "      <th>1</th>\n",
       "      <td>2025-04-19</td>\n",
       "      <td>139.791</td>\n",
       "      <td>134.092</td>\n",
       "      <td>140.334</td>\n",
       "      <td>133.611</td>\n",
       "      <td>4.56M</td>\n",
       "      <td>4.24%</td>\n",
       "    </tr>\n",
       "    <tr>\n",
       "      <th>0</th>\n",
       "      <td>2025-04-20</td>\n",
       "      <td>141.317</td>\n",
       "      <td>139.843</td>\n",
       "      <td>141.926</td>\n",
       "      <td>139.445</td>\n",
       "      <td>3.81M</td>\n",
       "      <td>1.09%</td>\n",
       "    </tr>\n",
       "  </tbody>\n",
       "</table>\n",
       "<p>1736 rows × 7 columns</p>\n",
       "</div>"
      ],
      "text/plain": [
       "           Date    Price     Open     High      Low   Vol. Change %\n",
       "1735 2020-07-13    1.279    1.009    1.279    1.009    NaN   26.71%\n",
       "1734 2020-07-14    1.115    1.279    1.279    1.114    NaN  -12.78%\n",
       "1733 2020-07-15    1.383    1.115    1.384    1.115    NaN   24.00%\n",
       "1732 2020-07-21    1.004    0.874    1.005    0.874    NaN  -27.41%\n",
       "1731 2020-07-22    1.046    1.004    1.087    1.003    NaN    4.17%\n",
       "...         ...      ...      ...      ...      ...    ...      ...\n",
       "4    2025-04-16  131.327  125.916  133.702  123.556  8.66M    4.12%\n",
       "3    2025-04-17  134.831  131.390  135.958  129.594  6.53M    2.67%\n",
       "2    2025-04-18  134.107  134.999  135.946  132.513  3.76M   -0.54%\n",
       "1    2025-04-19  139.791  134.092  140.334  133.611  4.56M    4.24%\n",
       "0    2025-04-20  141.317  139.843  141.926  139.445  3.81M    1.09%\n",
       "\n",
       "[1736 rows x 7 columns]"
      ]
     },
     "execution_count": 10,
     "metadata": {},
     "output_type": "execute_result"
    }
   ],
   "source": [
    "# reverse the dataframe using Date column\n",
    "df = df.sort_values(by='Date', ascending=True)\n",
    "df"
   ]
  },
  {
   "cell_type": "code",
   "execution_count": 11,
   "id": "fb71abc7",
   "metadata": {},
   "outputs": [
    {
     "data": {
      "text/html": [
       "<div>\n",
       "<style scoped>\n",
       "    .dataframe tbody tr th:only-of-type {\n",
       "        vertical-align: middle;\n",
       "    }\n",
       "\n",
       "    .dataframe tbody tr th {\n",
       "        vertical-align: top;\n",
       "    }\n",
       "\n",
       "    .dataframe thead th {\n",
       "        text-align: right;\n",
       "    }\n",
       "</style>\n",
       "<table border=\"1\" class=\"dataframe\">\n",
       "  <thead>\n",
       "    <tr style=\"text-align: right;\">\n",
       "      <th></th>\n",
       "      <th>Date</th>\n",
       "      <th>Price</th>\n",
       "      <th>Open</th>\n",
       "      <th>High</th>\n",
       "      <th>Low</th>\n",
       "      <th>Vol.</th>\n",
       "      <th>Change %</th>\n",
       "    </tr>\n",
       "  </thead>\n",
       "  <tbody>\n",
       "    <tr>\n",
       "      <th>0</th>\n",
       "      <td>2014-09-18</td>\n",
       "      <td>1.279</td>\n",
       "      <td>1.009</td>\n",
       "      <td>1.279</td>\n",
       "      <td>1.009</td>\n",
       "      <td>NaN</td>\n",
       "      <td>26.71%</td>\n",
       "    </tr>\n",
       "    <tr>\n",
       "      <th>1</th>\n",
       "      <td>2014-09-19</td>\n",
       "      <td>1.279</td>\n",
       "      <td>1.009</td>\n",
       "      <td>1.279</td>\n",
       "      <td>1.009</td>\n",
       "      <td>NaN</td>\n",
       "      <td>26.71%</td>\n",
       "    </tr>\n",
       "    <tr>\n",
       "      <th>2</th>\n",
       "      <td>2014-09-20</td>\n",
       "      <td>1.279</td>\n",
       "      <td>1.009</td>\n",
       "      <td>1.279</td>\n",
       "      <td>1.009</td>\n",
       "      <td>NaN</td>\n",
       "      <td>26.71%</td>\n",
       "    </tr>\n",
       "    <tr>\n",
       "      <th>3</th>\n",
       "      <td>2014-09-21</td>\n",
       "      <td>1.279</td>\n",
       "      <td>1.009</td>\n",
       "      <td>1.279</td>\n",
       "      <td>1.009</td>\n",
       "      <td>NaN</td>\n",
       "      <td>26.71%</td>\n",
       "    </tr>\n",
       "    <tr>\n",
       "      <th>4</th>\n",
       "      <td>2014-09-22</td>\n",
       "      <td>1.279</td>\n",
       "      <td>1.009</td>\n",
       "      <td>1.279</td>\n",
       "      <td>1.009</td>\n",
       "      <td>NaN</td>\n",
       "      <td>26.71%</td>\n",
       "    </tr>\n",
       "    <tr>\n",
       "      <th>...</th>\n",
       "      <td>...</td>\n",
       "      <td>...</td>\n",
       "      <td>...</td>\n",
       "      <td>...</td>\n",
       "      <td>...</td>\n",
       "      <td>...</td>\n",
       "      <td>...</td>\n",
       "    </tr>\n",
       "    <tr>\n",
       "      <th>3863</th>\n",
       "      <td>2025-04-16</td>\n",
       "      <td>131.327</td>\n",
       "      <td>125.916</td>\n",
       "      <td>133.702</td>\n",
       "      <td>123.556</td>\n",
       "      <td>8.66M</td>\n",
       "      <td>4.12%</td>\n",
       "    </tr>\n",
       "    <tr>\n",
       "      <th>3864</th>\n",
       "      <td>2025-04-17</td>\n",
       "      <td>134.831</td>\n",
       "      <td>131.390</td>\n",
       "      <td>135.958</td>\n",
       "      <td>129.594</td>\n",
       "      <td>6.53M</td>\n",
       "      <td>2.67%</td>\n",
       "    </tr>\n",
       "    <tr>\n",
       "      <th>3865</th>\n",
       "      <td>2025-04-18</td>\n",
       "      <td>134.107</td>\n",
       "      <td>134.999</td>\n",
       "      <td>135.946</td>\n",
       "      <td>132.513</td>\n",
       "      <td>3.76M</td>\n",
       "      <td>-0.54%</td>\n",
       "    </tr>\n",
       "    <tr>\n",
       "      <th>3866</th>\n",
       "      <td>2025-04-19</td>\n",
       "      <td>139.791</td>\n",
       "      <td>134.092</td>\n",
       "      <td>140.334</td>\n",
       "      <td>133.611</td>\n",
       "      <td>4.56M</td>\n",
       "      <td>4.24%</td>\n",
       "    </tr>\n",
       "    <tr>\n",
       "      <th>3867</th>\n",
       "      <td>2025-04-20</td>\n",
       "      <td>141.317</td>\n",
       "      <td>139.843</td>\n",
       "      <td>141.926</td>\n",
       "      <td>139.445</td>\n",
       "      <td>3.81M</td>\n",
       "      <td>1.09%</td>\n",
       "    </tr>\n",
       "  </tbody>\n",
       "</table>\n",
       "<p>3868 rows × 7 columns</p>\n",
       "</div>"
      ],
      "text/plain": [
       "           Date    Price     Open     High      Low   Vol. Change %\n",
       "0    2014-09-18    1.279    1.009    1.279    1.009    NaN   26.71%\n",
       "1    2014-09-19    1.279    1.009    1.279    1.009    NaN   26.71%\n",
       "2    2014-09-20    1.279    1.009    1.279    1.009    NaN   26.71%\n",
       "3    2014-09-21    1.279    1.009    1.279    1.009    NaN   26.71%\n",
       "4    2014-09-22    1.279    1.009    1.279    1.009    NaN   26.71%\n",
       "...         ...      ...      ...      ...      ...    ...      ...\n",
       "3863 2025-04-16  131.327  125.916  133.702  123.556  8.66M    4.12%\n",
       "3864 2025-04-17  134.831  131.390  135.958  129.594  6.53M    2.67%\n",
       "3865 2025-04-18  134.107  134.999  135.946  132.513  3.76M   -0.54%\n",
       "3866 2025-04-19  139.791  134.092  140.334  133.611  4.56M    4.24%\n",
       "3867 2025-04-20  141.317  139.843  141.926  139.445  3.81M    1.09%\n",
       "\n",
       "[3868 rows x 7 columns]"
      ]
     },
     "execution_count": 11,
     "metadata": {},
     "output_type": "execute_result"
    }
   ],
   "source": [
    "start_date = pd.to_datetime('2014-09-18')\n",
    "end_date = pd.to_datetime('2025-04-20')\n",
    "\n",
    "date_range = pd.date_range(start=start_date, end=end_date)\n",
    "df = df.set_index('Date').reindex(date_range, method='nearest').reset_index()\n",
    "df.rename(columns={'index': 'Date'}, inplace=True)\n",
    "df"
   ]
  },
  {
   "cell_type": "code",
   "execution_count": 12,
   "id": "154cae69",
   "metadata": {},
   "outputs": [],
   "source": [
    "df_data = pd.read_csv('data/data.csv')\n",
    "\n",
    "# check if date column exists in data/data.csv\n",
    "if 'Date' not in df_data.columns:\n",
    "    # set Date column using df['Date']\n",
    "    df_data['Date'] = df['Date']\n",
    "\n",
    "if 'SOL Open' not in df_data.columns:\n",
    "    df_data['SOL Open'] = df['Open']\n",
    "\n",
    "# convert Date column to datetime\n",
    "df_data['Date'] = pd.to_datetime(df_data['Date'], format='%Y-%m-%d')\n",
    "\n",
    "# check if there are missing newer dates in data/data.csv compared to date_range\n",
    "if df_data['Date'].max() < df['Date'].max():\n",
    "    # add missing dates to data/data.csv\n",
    "    missing_dates = df[~df['Date'].isin(df_data['Date'])]\n",
    "    missing_dates = missing_dates[['Date', 'Open']]\n",
    "    missing_dates.rename(columns={'Open': 'SOL Open'}, inplace=True)\n",
    "    df_data = pd.concat([df_data, missing_dates], ignore_index=True)\n",
    "\n",
    "# write the updated data/data.csv\n",
    "df_data.to_csv('data/data.csv', index=False)"
   ]
  }
 ],
 "metadata": {
  "kernelspec": {
   "display_name": ".venv",
   "language": "python",
   "name": "python3"
  },
  "language_info": {
   "codemirror_mode": {
    "name": "ipython",
    "version": 3
   },
   "file_extension": ".py",
   "mimetype": "text/x-python",
   "name": "python",
   "nbconvert_exporter": "python",
   "pygments_lexer": "ipython3",
   "version": "3.10.12"
  }
 },
 "nbformat": 4,
 "nbformat_minor": 5
}
