{
 "cells": [
  {
   "cell_type": "code",
   "execution_count": 1,
   "id": "f09ded9c",
   "metadata": {},
   "outputs": [],
   "source": [
    "import pandas as pd"
   ]
  },
  {
   "cell_type": "code",
   "execution_count": 2,
   "id": "ee1a5544",
   "metadata": {},
   "outputs": [],
   "source": [
    "data_filepath= 'data/10year.csv'\n",
    "full_data_filepath = 'data/data.csv'"
   ]
  },
  {
   "cell_type": "code",
   "execution_count": 3,
   "id": "5a9834d3",
   "metadata": {},
   "outputs": [
    {
     "data": {
      "text/html": [
       "<div>\n",
       "<style scoped>\n",
       "    .dataframe tbody tr th:only-of-type {\n",
       "        vertical-align: middle;\n",
       "    }\n",
       "\n",
       "    .dataframe tbody tr th {\n",
       "        vertical-align: top;\n",
       "    }\n",
       "\n",
       "    .dataframe thead th {\n",
       "        text-align: right;\n",
       "    }\n",
       "</style>\n",
       "<table border=\"1\" class=\"dataframe\">\n",
       "  <thead>\n",
       "    <tr style=\"text-align: right;\">\n",
       "      <th></th>\n",
       "      <th>Date</th>\n",
       "      <th>Price</th>\n",
       "      <th>Open</th>\n",
       "      <th>High</th>\n",
       "      <th>Low</th>\n",
       "      <th>Change %</th>\n",
       "    </tr>\n",
       "  </thead>\n",
       "  <tbody>\n",
       "    <tr>\n",
       "      <th>0</th>\n",
       "      <td>04/17/2025</td>\n",
       "      <td>4.332</td>\n",
       "      <td>4.288</td>\n",
       "      <td>4.344</td>\n",
       "      <td>4.278</td>\n",
       "      <td>1.22%</td>\n",
       "    </tr>\n",
       "    <tr>\n",
       "      <th>1</th>\n",
       "      <td>04/16/2025</td>\n",
       "      <td>4.280</td>\n",
       "      <td>4.335</td>\n",
       "      <td>4.352</td>\n",
       "      <td>4.263</td>\n",
       "      <td>-1.36%</td>\n",
       "    </tr>\n",
       "    <tr>\n",
       "      <th>2</th>\n",
       "      <td>04/15/2025</td>\n",
       "      <td>4.339</td>\n",
       "      <td>4.374</td>\n",
       "      <td>4.407</td>\n",
       "      <td>4.306</td>\n",
       "      <td>-1.00%</td>\n",
       "    </tr>\n",
       "    <tr>\n",
       "      <th>3</th>\n",
       "      <td>04/14/2025</td>\n",
       "      <td>4.383</td>\n",
       "      <td>4.482</td>\n",
       "      <td>4.490</td>\n",
       "      <td>4.360</td>\n",
       "      <td>-2.51%</td>\n",
       "    </tr>\n",
       "    <tr>\n",
       "      <th>4</th>\n",
       "      <td>04/11/2025</td>\n",
       "      <td>4.495</td>\n",
       "      <td>4.464</td>\n",
       "      <td>4.592</td>\n",
       "      <td>4.384</td>\n",
       "      <td>1.62%</td>\n",
       "    </tr>\n",
       "    <tr>\n",
       "      <th>...</th>\n",
       "      <td>...</td>\n",
       "      <td>...</td>\n",
       "      <td>...</td>\n",
       "      <td>...</td>\n",
       "      <td>...</td>\n",
       "      <td>...</td>\n",
       "    </tr>\n",
       "    <tr>\n",
       "      <th>2753</th>\n",
       "      <td>09/24/2014</td>\n",
       "      <td>2.566</td>\n",
       "      <td>2.531</td>\n",
       "      <td>2.569</td>\n",
       "      <td>2.527</td>\n",
       "      <td>1.54%</td>\n",
       "    </tr>\n",
       "    <tr>\n",
       "      <th>2754</th>\n",
       "      <td>09/23/2014</td>\n",
       "      <td>2.527</td>\n",
       "      <td>2.556</td>\n",
       "      <td>2.556</td>\n",
       "      <td>2.527</td>\n",
       "      <td>-1.52%</td>\n",
       "    </tr>\n",
       "    <tr>\n",
       "      <th>2755</th>\n",
       "      <td>09/22/2014</td>\n",
       "      <td>2.566</td>\n",
       "      <td>2.569</td>\n",
       "      <td>2.578</td>\n",
       "      <td>2.547</td>\n",
       "      <td>-0.47%</td>\n",
       "    </tr>\n",
       "    <tr>\n",
       "      <th>2756</th>\n",
       "      <td>09/19/2014</td>\n",
       "      <td>2.578</td>\n",
       "      <td>2.629</td>\n",
       "      <td>2.655</td>\n",
       "      <td>2.575</td>\n",
       "      <td>-1.53%</td>\n",
       "    </tr>\n",
       "    <tr>\n",
       "      <th>2757</th>\n",
       "      <td>09/18/2014</td>\n",
       "      <td>2.618</td>\n",
       "      <td>2.629</td>\n",
       "      <td>2.642</td>\n",
       "      <td>2.594</td>\n",
       "      <td>-0.15%</td>\n",
       "    </tr>\n",
       "  </tbody>\n",
       "</table>\n",
       "<p>2758 rows × 6 columns</p>\n",
       "</div>"
      ],
      "text/plain": [
       "            Date  Price   Open   High    Low Change %\n",
       "0     04/17/2025  4.332  4.288  4.344  4.278    1.22%\n",
       "1     04/16/2025  4.280  4.335  4.352  4.263   -1.36%\n",
       "2     04/15/2025  4.339  4.374  4.407  4.306   -1.00%\n",
       "3     04/14/2025  4.383  4.482  4.490  4.360   -2.51%\n",
       "4     04/11/2025  4.495  4.464  4.592  4.384    1.62%\n",
       "...          ...    ...    ...    ...    ...      ...\n",
       "2753  09/24/2014  2.566  2.531  2.569  2.527    1.54%\n",
       "2754  09/23/2014  2.527  2.556  2.556  2.527   -1.52%\n",
       "2755  09/22/2014  2.566  2.569  2.578  2.547   -0.47%\n",
       "2756  09/19/2014  2.578  2.629  2.655  2.575   -1.53%\n",
       "2757  09/18/2014  2.618  2.629  2.642  2.594   -0.15%\n",
       "\n",
       "[2758 rows x 6 columns]"
      ]
     },
     "execution_count": 3,
     "metadata": {},
     "output_type": "execute_result"
    }
   ],
   "source": [
    "df = pd.read_csv('data/us10.csv')\n",
    "df"
   ]
  },
  {
   "cell_type": "code",
   "execution_count": 4,
   "id": "caf14719",
   "metadata": {},
   "outputs": [
    {
     "data": {
      "text/html": [
       "<div>\n",
       "<style scoped>\n",
       "    .dataframe tbody tr th:only-of-type {\n",
       "        vertical-align: middle;\n",
       "    }\n",
       "\n",
       "    .dataframe tbody tr th {\n",
       "        vertical-align: top;\n",
       "    }\n",
       "\n",
       "    .dataframe thead th {\n",
       "        text-align: right;\n",
       "    }\n",
       "</style>\n",
       "<table border=\"1\" class=\"dataframe\">\n",
       "  <thead>\n",
       "    <tr style=\"text-align: right;\">\n",
       "      <th></th>\n",
       "      <th>Date</th>\n",
       "      <th>Price</th>\n",
       "      <th>Open</th>\n",
       "      <th>High</th>\n",
       "      <th>Low</th>\n",
       "      <th>Change %</th>\n",
       "    </tr>\n",
       "  </thead>\n",
       "  <tbody>\n",
       "    <tr>\n",
       "      <th>0</th>\n",
       "      <td>2025-04-17</td>\n",
       "      <td>4.332</td>\n",
       "      <td>4.288</td>\n",
       "      <td>4.344</td>\n",
       "      <td>4.278</td>\n",
       "      <td>1.22%</td>\n",
       "    </tr>\n",
       "    <tr>\n",
       "      <th>1</th>\n",
       "      <td>2025-04-16</td>\n",
       "      <td>4.280</td>\n",
       "      <td>4.335</td>\n",
       "      <td>4.352</td>\n",
       "      <td>4.263</td>\n",
       "      <td>-1.36%</td>\n",
       "    </tr>\n",
       "    <tr>\n",
       "      <th>2</th>\n",
       "      <td>2025-04-15</td>\n",
       "      <td>4.339</td>\n",
       "      <td>4.374</td>\n",
       "      <td>4.407</td>\n",
       "      <td>4.306</td>\n",
       "      <td>-1.00%</td>\n",
       "    </tr>\n",
       "    <tr>\n",
       "      <th>3</th>\n",
       "      <td>2025-04-14</td>\n",
       "      <td>4.383</td>\n",
       "      <td>4.482</td>\n",
       "      <td>4.490</td>\n",
       "      <td>4.360</td>\n",
       "      <td>-2.51%</td>\n",
       "    </tr>\n",
       "    <tr>\n",
       "      <th>4</th>\n",
       "      <td>2025-04-11</td>\n",
       "      <td>4.495</td>\n",
       "      <td>4.464</td>\n",
       "      <td>4.592</td>\n",
       "      <td>4.384</td>\n",
       "      <td>1.62%</td>\n",
       "    </tr>\n",
       "    <tr>\n",
       "      <th>...</th>\n",
       "      <td>...</td>\n",
       "      <td>...</td>\n",
       "      <td>...</td>\n",
       "      <td>...</td>\n",
       "      <td>...</td>\n",
       "      <td>...</td>\n",
       "    </tr>\n",
       "    <tr>\n",
       "      <th>2753</th>\n",
       "      <td>2014-09-24</td>\n",
       "      <td>2.566</td>\n",
       "      <td>2.531</td>\n",
       "      <td>2.569</td>\n",
       "      <td>2.527</td>\n",
       "      <td>1.54%</td>\n",
       "    </tr>\n",
       "    <tr>\n",
       "      <th>2754</th>\n",
       "      <td>2014-09-23</td>\n",
       "      <td>2.527</td>\n",
       "      <td>2.556</td>\n",
       "      <td>2.556</td>\n",
       "      <td>2.527</td>\n",
       "      <td>-1.52%</td>\n",
       "    </tr>\n",
       "    <tr>\n",
       "      <th>2755</th>\n",
       "      <td>2014-09-22</td>\n",
       "      <td>2.566</td>\n",
       "      <td>2.569</td>\n",
       "      <td>2.578</td>\n",
       "      <td>2.547</td>\n",
       "      <td>-0.47%</td>\n",
       "    </tr>\n",
       "    <tr>\n",
       "      <th>2756</th>\n",
       "      <td>2014-09-19</td>\n",
       "      <td>2.578</td>\n",
       "      <td>2.629</td>\n",
       "      <td>2.655</td>\n",
       "      <td>2.575</td>\n",
       "      <td>-1.53%</td>\n",
       "    </tr>\n",
       "    <tr>\n",
       "      <th>2757</th>\n",
       "      <td>2014-09-18</td>\n",
       "      <td>2.618</td>\n",
       "      <td>2.629</td>\n",
       "      <td>2.642</td>\n",
       "      <td>2.594</td>\n",
       "      <td>-0.15%</td>\n",
       "    </tr>\n",
       "  </tbody>\n",
       "</table>\n",
       "<p>2758 rows × 6 columns</p>\n",
       "</div>"
      ],
      "text/plain": [
       "           Date  Price   Open   High    Low Change %\n",
       "0    2025-04-17  4.332  4.288  4.344  4.278    1.22%\n",
       "1    2025-04-16  4.280  4.335  4.352  4.263   -1.36%\n",
       "2    2025-04-15  4.339  4.374  4.407  4.306   -1.00%\n",
       "3    2025-04-14  4.383  4.482  4.490  4.360   -2.51%\n",
       "4    2025-04-11  4.495  4.464  4.592  4.384    1.62%\n",
       "...         ...    ...    ...    ...    ...      ...\n",
       "2753 2014-09-24  2.566  2.531  2.569  2.527    1.54%\n",
       "2754 2014-09-23  2.527  2.556  2.556  2.527   -1.52%\n",
       "2755 2014-09-22  2.566  2.569  2.578  2.547   -0.47%\n",
       "2756 2014-09-19  2.578  2.629  2.655  2.575   -1.53%\n",
       "2757 2014-09-18  2.618  2.629  2.642  2.594   -0.15%\n",
       "\n",
       "[2758 rows x 6 columns]"
      ]
     },
     "execution_count": 4,
     "metadata": {},
     "output_type": "execute_result"
    }
   ],
   "source": [
    "# transform Date column to datetime from dd/mm/yyyy\n",
    "df['Date'] = pd.to_datetime(df['Date'], format='%m/%d/%Y')\n",
    "\n",
    "# transform price,open,high,low columns to double\n",
    "df['Price'] = df['Price'].astype(float)\n",
    "df['Open'] = df['Open'].astype(float)\n",
    "df['High'] = df['High'].astype(float)\n",
    "df['Low'] = df['Low'].astype(float)\n",
    "df"
   ]
  },
  {
   "cell_type": "code",
   "execution_count": 5,
   "id": "82b16dc7",
   "metadata": {},
   "outputs": [
    {
     "data": {
      "text/html": [
       "<div>\n",
       "<style scoped>\n",
       "    .dataframe tbody tr th:only-of-type {\n",
       "        vertical-align: middle;\n",
       "    }\n",
       "\n",
       "    .dataframe tbody tr th {\n",
       "        vertical-align: top;\n",
       "    }\n",
       "\n",
       "    .dataframe thead th {\n",
       "        text-align: right;\n",
       "    }\n",
       "</style>\n",
       "<table border=\"1\" class=\"dataframe\">\n",
       "  <thead>\n",
       "    <tr style=\"text-align: right;\">\n",
       "      <th></th>\n",
       "      <th>Date</th>\n",
       "      <th>Price</th>\n",
       "      <th>Open</th>\n",
       "      <th>High</th>\n",
       "      <th>Low</th>\n",
       "      <th>Change %</th>\n",
       "    </tr>\n",
       "  </thead>\n",
       "  <tbody>\n",
       "    <tr>\n",
       "      <th>2757</th>\n",
       "      <td>2014-09-18</td>\n",
       "      <td>2.618</td>\n",
       "      <td>2.629</td>\n",
       "      <td>2.642</td>\n",
       "      <td>2.594</td>\n",
       "      <td>-0.15%</td>\n",
       "    </tr>\n",
       "    <tr>\n",
       "      <th>2756</th>\n",
       "      <td>2014-09-19</td>\n",
       "      <td>2.578</td>\n",
       "      <td>2.629</td>\n",
       "      <td>2.655</td>\n",
       "      <td>2.575</td>\n",
       "      <td>-1.53%</td>\n",
       "    </tr>\n",
       "    <tr>\n",
       "      <th>2755</th>\n",
       "      <td>2014-09-22</td>\n",
       "      <td>2.566</td>\n",
       "      <td>2.569</td>\n",
       "      <td>2.578</td>\n",
       "      <td>2.547</td>\n",
       "      <td>-0.47%</td>\n",
       "    </tr>\n",
       "    <tr>\n",
       "      <th>2754</th>\n",
       "      <td>2014-09-23</td>\n",
       "      <td>2.527</td>\n",
       "      <td>2.556</td>\n",
       "      <td>2.556</td>\n",
       "      <td>2.527</td>\n",
       "      <td>-1.52%</td>\n",
       "    </tr>\n",
       "    <tr>\n",
       "      <th>2753</th>\n",
       "      <td>2014-09-24</td>\n",
       "      <td>2.566</td>\n",
       "      <td>2.531</td>\n",
       "      <td>2.569</td>\n",
       "      <td>2.527</td>\n",
       "      <td>1.54%</td>\n",
       "    </tr>\n",
       "    <tr>\n",
       "      <th>...</th>\n",
       "      <td>...</td>\n",
       "      <td>...</td>\n",
       "      <td>...</td>\n",
       "      <td>...</td>\n",
       "      <td>...</td>\n",
       "      <td>...</td>\n",
       "    </tr>\n",
       "    <tr>\n",
       "      <th>4</th>\n",
       "      <td>2025-04-11</td>\n",
       "      <td>4.495</td>\n",
       "      <td>4.464</td>\n",
       "      <td>4.592</td>\n",
       "      <td>4.384</td>\n",
       "      <td>1.62%</td>\n",
       "    </tr>\n",
       "    <tr>\n",
       "      <th>3</th>\n",
       "      <td>2025-04-14</td>\n",
       "      <td>4.383</td>\n",
       "      <td>4.482</td>\n",
       "      <td>4.490</td>\n",
       "      <td>4.360</td>\n",
       "      <td>-2.51%</td>\n",
       "    </tr>\n",
       "    <tr>\n",
       "      <th>2</th>\n",
       "      <td>2025-04-15</td>\n",
       "      <td>4.339</td>\n",
       "      <td>4.374</td>\n",
       "      <td>4.407</td>\n",
       "      <td>4.306</td>\n",
       "      <td>-1.00%</td>\n",
       "    </tr>\n",
       "    <tr>\n",
       "      <th>1</th>\n",
       "      <td>2025-04-16</td>\n",
       "      <td>4.280</td>\n",
       "      <td>4.335</td>\n",
       "      <td>4.352</td>\n",
       "      <td>4.263</td>\n",
       "      <td>-1.36%</td>\n",
       "    </tr>\n",
       "    <tr>\n",
       "      <th>0</th>\n",
       "      <td>2025-04-17</td>\n",
       "      <td>4.332</td>\n",
       "      <td>4.288</td>\n",
       "      <td>4.344</td>\n",
       "      <td>4.278</td>\n",
       "      <td>1.22%</td>\n",
       "    </tr>\n",
       "  </tbody>\n",
       "</table>\n",
       "<p>2758 rows × 6 columns</p>\n",
       "</div>"
      ],
      "text/plain": [
       "           Date  Price   Open   High    Low Change %\n",
       "2757 2014-09-18  2.618  2.629  2.642  2.594   -0.15%\n",
       "2756 2014-09-19  2.578  2.629  2.655  2.575   -1.53%\n",
       "2755 2014-09-22  2.566  2.569  2.578  2.547   -0.47%\n",
       "2754 2014-09-23  2.527  2.556  2.556  2.527   -1.52%\n",
       "2753 2014-09-24  2.566  2.531  2.569  2.527    1.54%\n",
       "...         ...    ...    ...    ...    ...      ...\n",
       "4    2025-04-11  4.495  4.464  4.592  4.384    1.62%\n",
       "3    2025-04-14  4.383  4.482  4.490  4.360   -2.51%\n",
       "2    2025-04-15  4.339  4.374  4.407  4.306   -1.00%\n",
       "1    2025-04-16  4.280  4.335  4.352  4.263   -1.36%\n",
       "0    2025-04-17  4.332  4.288  4.344  4.278    1.22%\n",
       "\n",
       "[2758 rows x 6 columns]"
      ]
     },
     "execution_count": 5,
     "metadata": {},
     "output_type": "execute_result"
    }
   ],
   "source": [
    "# reverse the dataframe using Date column\n",
    "df = df.sort_values(by='Date', ascending=True)\n",
    "df"
   ]
  },
  {
   "cell_type": "code",
   "execution_count": 6,
   "id": "fb71abc7",
   "metadata": {},
   "outputs": [
    {
     "data": {
      "text/html": [
       "<div>\n",
       "<style scoped>\n",
       "    .dataframe tbody tr th:only-of-type {\n",
       "        vertical-align: middle;\n",
       "    }\n",
       "\n",
       "    .dataframe tbody tr th {\n",
       "        vertical-align: top;\n",
       "    }\n",
       "\n",
       "    .dataframe thead th {\n",
       "        text-align: right;\n",
       "    }\n",
       "</style>\n",
       "<table border=\"1\" class=\"dataframe\">\n",
       "  <thead>\n",
       "    <tr style=\"text-align: right;\">\n",
       "      <th></th>\n",
       "      <th>Date</th>\n",
       "      <th>Price</th>\n",
       "      <th>Open</th>\n",
       "      <th>High</th>\n",
       "      <th>Low</th>\n",
       "      <th>Change %</th>\n",
       "    </tr>\n",
       "  </thead>\n",
       "  <tbody>\n",
       "    <tr>\n",
       "      <th>0</th>\n",
       "      <td>2014-09-18</td>\n",
       "      <td>2.618</td>\n",
       "      <td>2.629</td>\n",
       "      <td>2.642</td>\n",
       "      <td>2.594</td>\n",
       "      <td>-0.15%</td>\n",
       "    </tr>\n",
       "    <tr>\n",
       "      <th>1</th>\n",
       "      <td>2014-09-19</td>\n",
       "      <td>2.578</td>\n",
       "      <td>2.629</td>\n",
       "      <td>2.655</td>\n",
       "      <td>2.575</td>\n",
       "      <td>-1.53%</td>\n",
       "    </tr>\n",
       "    <tr>\n",
       "      <th>2</th>\n",
       "      <td>2014-09-20</td>\n",
       "      <td>2.578</td>\n",
       "      <td>2.629</td>\n",
       "      <td>2.655</td>\n",
       "      <td>2.575</td>\n",
       "      <td>-1.53%</td>\n",
       "    </tr>\n",
       "    <tr>\n",
       "      <th>3</th>\n",
       "      <td>2014-09-21</td>\n",
       "      <td>2.566</td>\n",
       "      <td>2.569</td>\n",
       "      <td>2.578</td>\n",
       "      <td>2.547</td>\n",
       "      <td>-0.47%</td>\n",
       "    </tr>\n",
       "    <tr>\n",
       "      <th>4</th>\n",
       "      <td>2014-09-22</td>\n",
       "      <td>2.566</td>\n",
       "      <td>2.569</td>\n",
       "      <td>2.578</td>\n",
       "      <td>2.547</td>\n",
       "      <td>-0.47%</td>\n",
       "    </tr>\n",
       "    <tr>\n",
       "      <th>...</th>\n",
       "      <td>...</td>\n",
       "      <td>...</td>\n",
       "      <td>...</td>\n",
       "      <td>...</td>\n",
       "      <td>...</td>\n",
       "      <td>...</td>\n",
       "    </tr>\n",
       "    <tr>\n",
       "      <th>3863</th>\n",
       "      <td>2025-04-16</td>\n",
       "      <td>4.280</td>\n",
       "      <td>4.335</td>\n",
       "      <td>4.352</td>\n",
       "      <td>4.263</td>\n",
       "      <td>-1.36%</td>\n",
       "    </tr>\n",
       "    <tr>\n",
       "      <th>3864</th>\n",
       "      <td>2025-04-17</td>\n",
       "      <td>4.332</td>\n",
       "      <td>4.288</td>\n",
       "      <td>4.344</td>\n",
       "      <td>4.278</td>\n",
       "      <td>1.22%</td>\n",
       "    </tr>\n",
       "    <tr>\n",
       "      <th>3865</th>\n",
       "      <td>2025-04-18</td>\n",
       "      <td>4.332</td>\n",
       "      <td>4.288</td>\n",
       "      <td>4.344</td>\n",
       "      <td>4.278</td>\n",
       "      <td>1.22%</td>\n",
       "    </tr>\n",
       "    <tr>\n",
       "      <th>3866</th>\n",
       "      <td>2025-04-19</td>\n",
       "      <td>4.332</td>\n",
       "      <td>4.288</td>\n",
       "      <td>4.344</td>\n",
       "      <td>4.278</td>\n",
       "      <td>1.22%</td>\n",
       "    </tr>\n",
       "    <tr>\n",
       "      <th>3867</th>\n",
       "      <td>2025-04-20</td>\n",
       "      <td>4.332</td>\n",
       "      <td>4.288</td>\n",
       "      <td>4.344</td>\n",
       "      <td>4.278</td>\n",
       "      <td>1.22%</td>\n",
       "    </tr>\n",
       "  </tbody>\n",
       "</table>\n",
       "<p>3868 rows × 6 columns</p>\n",
       "</div>"
      ],
      "text/plain": [
       "           Date  Price   Open   High    Low Change %\n",
       "0    2014-09-18  2.618  2.629  2.642  2.594   -0.15%\n",
       "1    2014-09-19  2.578  2.629  2.655  2.575   -1.53%\n",
       "2    2014-09-20  2.578  2.629  2.655  2.575   -1.53%\n",
       "3    2014-09-21  2.566  2.569  2.578  2.547   -0.47%\n",
       "4    2014-09-22  2.566  2.569  2.578  2.547   -0.47%\n",
       "...         ...    ...    ...    ...    ...      ...\n",
       "3863 2025-04-16  4.280  4.335  4.352  4.263   -1.36%\n",
       "3864 2025-04-17  4.332  4.288  4.344  4.278    1.22%\n",
       "3865 2025-04-18  4.332  4.288  4.344  4.278    1.22%\n",
       "3866 2025-04-19  4.332  4.288  4.344  4.278    1.22%\n",
       "3867 2025-04-20  4.332  4.288  4.344  4.278    1.22%\n",
       "\n",
       "[3868 rows x 6 columns]"
      ]
     },
     "execution_count": 6,
     "metadata": {},
     "output_type": "execute_result"
    }
   ],
   "source": [
    "start_date = pd.to_datetime('2014-09-18')\n",
    "end_date = pd.to_datetime('2025-04-20')\n",
    "\n",
    "date_range = pd.date_range(start=start_date, end=end_date)\n",
    "df = df.set_index('Date').reindex(date_range, method='nearest').reset_index()\n",
    "df.rename(columns={'index': 'Date'}, inplace=True)\n",
    "df"
   ]
  },
  {
   "cell_type": "code",
   "execution_count": 7,
   "id": "154cae69",
   "metadata": {},
   "outputs": [],
   "source": [
    "df_data = pd.read_csv('data/data.csv')\n",
    "\n",
    "# check if date column exists in data/data.csv\n",
    "if 'Date' not in df_data.columns:\n",
    "    # set Date column using df['Date']\n",
    "    df_data['Date'] = df['Date']\n",
    "\n",
    "# add Price column to data/data.csv as 10Y Bond Price\n",
    "if 'US10 Open' not in df_data.columns:\n",
    "    df_data['US10 Open'] = df['Open']\n",
    "\n",
    "# convert Date column to datetime\n",
    "df_data['Date'] = pd.to_datetime(df_data['Date'], format='%Y-%m-%d')\n",
    "\n",
    "# check if there are missing newer dates in data/data.csv compared to date_range\n",
    "if df_data['Date'].max() < df['Date'].max():\n",
    "    # add missing dates to data/data.csv\n",
    "    missing_dates = df[~df['Date'].isin(df_data['Date'])]\n",
    "    missing_dates = missing_dates[['Date', 'Open']]\n",
    "    missing_dates.rename(columns={'Open': 'US10 Open'}, inplace=True)\n",
    "    df_data = pd.concat([df_data, missing_dates], ignore_index=True)\n",
    "\n",
    "# write the updated data/data.csv\n",
    "df_data.to_csv('data/data.csv', index=False)"
   ]
  }
 ],
 "metadata": {
  "kernelspec": {
   "display_name": ".venv",
   "language": "python",
   "name": "python3"
  },
  "language_info": {
   "codemirror_mode": {
    "name": "ipython",
    "version": 3
   },
   "file_extension": ".py",
   "mimetype": "text/x-python",
   "name": "python",
   "nbconvert_exporter": "python",
   "pygments_lexer": "ipython3",
   "version": "3.10.12"
  }
 },
 "nbformat": 4,
 "nbformat_minor": 5
}
