{
 "cells": [
  {
   "cell_type": "code",
   "execution_count": 7,
   "id": "f09ded9c",
   "metadata": {},
   "outputs": [],
   "source": [
    "import pandas as pd"
   ]
  },
  {
   "cell_type": "code",
   "execution_count": 8,
   "id": "5a9834d3",
   "metadata": {},
   "outputs": [
    {
     "data": {
      "text/html": [
       "<div>\n",
       "<style scoped>\n",
       "    .dataframe tbody tr th:only-of-type {\n",
       "        vertical-align: middle;\n",
       "    }\n",
       "\n",
       "    .dataframe tbody tr th {\n",
       "        vertical-align: top;\n",
       "    }\n",
       "\n",
       "    .dataframe thead th {\n",
       "        text-align: right;\n",
       "    }\n",
       "</style>\n",
       "<table border=\"1\" class=\"dataframe\">\n",
       "  <thead>\n",
       "    <tr style=\"text-align: right;\">\n",
       "      <th></th>\n",
       "      <th>Date</th>\n",
       "      <th>Price</th>\n",
       "      <th>Open</th>\n",
       "      <th>High</th>\n",
       "      <th>Low</th>\n",
       "      <th>Change %</th>\n",
       "    </tr>\n",
       "  </thead>\n",
       "  <tbody>\n",
       "    <tr>\n",
       "      <th>0</th>\n",
       "      <td>04/17/2025</td>\n",
       "      <td>4.808</td>\n",
       "      <td>4.751</td>\n",
       "      <td>4.829</td>\n",
       "      <td>4.742</td>\n",
       "      <td>1.41%</td>\n",
       "    </tr>\n",
       "    <tr>\n",
       "      <th>1</th>\n",
       "      <td>04/16/2025</td>\n",
       "      <td>4.741</td>\n",
       "      <td>4.788</td>\n",
       "      <td>4.808</td>\n",
       "      <td>4.735</td>\n",
       "      <td>-0.93%</td>\n",
       "    </tr>\n",
       "    <tr>\n",
       "      <th>2</th>\n",
       "      <td>04/15/2025</td>\n",
       "      <td>4.786</td>\n",
       "      <td>4.801</td>\n",
       "      <td>4.848</td>\n",
       "      <td>4.758</td>\n",
       "      <td>-0.55%</td>\n",
       "    </tr>\n",
       "    <tr>\n",
       "      <th>3</th>\n",
       "      <td>04/14/2025</td>\n",
       "      <td>4.812</td>\n",
       "      <td>4.895</td>\n",
       "      <td>4.899</td>\n",
       "      <td>4.790</td>\n",
       "      <td>-1.30%</td>\n",
       "    </tr>\n",
       "    <tr>\n",
       "      <th>4</th>\n",
       "      <td>04/11/2025</td>\n",
       "      <td>4.875</td>\n",
       "      <td>4.933</td>\n",
       "      <td>4.991</td>\n",
       "      <td>4.816</td>\n",
       "      <td>0.13%</td>\n",
       "    </tr>\n",
       "    <tr>\n",
       "      <th>...</th>\n",
       "      <td>...</td>\n",
       "      <td>...</td>\n",
       "      <td>...</td>\n",
       "      <td>...</td>\n",
       "      <td>...</td>\n",
       "      <td>...</td>\n",
       "    </tr>\n",
       "    <tr>\n",
       "      <th>2752</th>\n",
       "      <td>09/24/2014</td>\n",
       "      <td>3.280</td>\n",
       "      <td>3.249</td>\n",
       "      <td>3.287</td>\n",
       "      <td>3.242</td>\n",
       "      <td>1.08%</td>\n",
       "    </tr>\n",
       "    <tr>\n",
       "      <th>2753</th>\n",
       "      <td>09/23/2014</td>\n",
       "      <td>3.245</td>\n",
       "      <td>3.276</td>\n",
       "      <td>3.280</td>\n",
       "      <td>3.241</td>\n",
       "      <td>-1.28%</td>\n",
       "    </tr>\n",
       "    <tr>\n",
       "      <th>2754</th>\n",
       "      <td>09/22/2014</td>\n",
       "      <td>3.287</td>\n",
       "      <td>3.279</td>\n",
       "      <td>3.295</td>\n",
       "      <td>3.261</td>\n",
       "      <td>0.00%</td>\n",
       "    </tr>\n",
       "    <tr>\n",
       "      <th>2755</th>\n",
       "      <td>09/19/2014</td>\n",
       "      <td>3.287</td>\n",
       "      <td>3.358</td>\n",
       "      <td>3.382</td>\n",
       "      <td>3.284</td>\n",
       "      <td>-1.85%</td>\n",
       "    </tr>\n",
       "    <tr>\n",
       "      <th>2756</th>\n",
       "      <td>09/18/2014</td>\n",
       "      <td>3.349</td>\n",
       "      <td>3.371</td>\n",
       "      <td>3.373</td>\n",
       "      <td>3.330</td>\n",
       "      <td>-0.56%</td>\n",
       "    </tr>\n",
       "  </tbody>\n",
       "</table>\n",
       "<p>2757 rows × 6 columns</p>\n",
       "</div>"
      ],
      "text/plain": [
       "            Date  Price   Open   High    Low Change %\n",
       "0     04/17/2025  4.808  4.751  4.829  4.742    1.41%\n",
       "1     04/16/2025  4.741  4.788  4.808  4.735   -0.93%\n",
       "2     04/15/2025  4.786  4.801  4.848  4.758   -0.55%\n",
       "3     04/14/2025  4.812  4.895  4.899  4.790   -1.30%\n",
       "4     04/11/2025  4.875  4.933  4.991  4.816    0.13%\n",
       "...          ...    ...    ...    ...    ...      ...\n",
       "2752  09/24/2014  3.280  3.249  3.287  3.242    1.08%\n",
       "2753  09/23/2014  3.245  3.276  3.280  3.241   -1.28%\n",
       "2754  09/22/2014  3.287  3.279  3.295  3.261    0.00%\n",
       "2755  09/19/2014  3.287  3.358  3.382  3.284   -1.85%\n",
       "2756  09/18/2014  3.349  3.371  3.373  3.330   -0.56%\n",
       "\n",
       "[2757 rows x 6 columns]"
      ]
     },
     "execution_count": 8,
     "metadata": {},
     "output_type": "execute_result"
    }
   ],
   "source": [
    "df = pd.read_csv('data/us30.csv')\n",
    "df"
   ]
  },
  {
   "cell_type": "code",
   "execution_count": 9,
   "id": "caf14719",
   "metadata": {},
   "outputs": [
    {
     "data": {
      "text/html": [
       "<div>\n",
       "<style scoped>\n",
       "    .dataframe tbody tr th:only-of-type {\n",
       "        vertical-align: middle;\n",
       "    }\n",
       "\n",
       "    .dataframe tbody tr th {\n",
       "        vertical-align: top;\n",
       "    }\n",
       "\n",
       "    .dataframe thead th {\n",
       "        text-align: right;\n",
       "    }\n",
       "</style>\n",
       "<table border=\"1\" class=\"dataframe\">\n",
       "  <thead>\n",
       "    <tr style=\"text-align: right;\">\n",
       "      <th></th>\n",
       "      <th>Date</th>\n",
       "      <th>Price</th>\n",
       "      <th>Open</th>\n",
       "      <th>High</th>\n",
       "      <th>Low</th>\n",
       "      <th>Change %</th>\n",
       "    </tr>\n",
       "  </thead>\n",
       "  <tbody>\n",
       "    <tr>\n",
       "      <th>0</th>\n",
       "      <td>2025-04-17</td>\n",
       "      <td>4.808</td>\n",
       "      <td>4.751</td>\n",
       "      <td>4.829</td>\n",
       "      <td>4.742</td>\n",
       "      <td>1.41%</td>\n",
       "    </tr>\n",
       "    <tr>\n",
       "      <th>1</th>\n",
       "      <td>2025-04-16</td>\n",
       "      <td>4.741</td>\n",
       "      <td>4.788</td>\n",
       "      <td>4.808</td>\n",
       "      <td>4.735</td>\n",
       "      <td>-0.93%</td>\n",
       "    </tr>\n",
       "    <tr>\n",
       "      <th>2</th>\n",
       "      <td>2025-04-15</td>\n",
       "      <td>4.786</td>\n",
       "      <td>4.801</td>\n",
       "      <td>4.848</td>\n",
       "      <td>4.758</td>\n",
       "      <td>-0.55%</td>\n",
       "    </tr>\n",
       "    <tr>\n",
       "      <th>3</th>\n",
       "      <td>2025-04-14</td>\n",
       "      <td>4.812</td>\n",
       "      <td>4.895</td>\n",
       "      <td>4.899</td>\n",
       "      <td>4.790</td>\n",
       "      <td>-1.30%</td>\n",
       "    </tr>\n",
       "    <tr>\n",
       "      <th>4</th>\n",
       "      <td>2025-04-11</td>\n",
       "      <td>4.875</td>\n",
       "      <td>4.933</td>\n",
       "      <td>4.991</td>\n",
       "      <td>4.816</td>\n",
       "      <td>0.13%</td>\n",
       "    </tr>\n",
       "    <tr>\n",
       "      <th>...</th>\n",
       "      <td>...</td>\n",
       "      <td>...</td>\n",
       "      <td>...</td>\n",
       "      <td>...</td>\n",
       "      <td>...</td>\n",
       "      <td>...</td>\n",
       "    </tr>\n",
       "    <tr>\n",
       "      <th>2752</th>\n",
       "      <td>2014-09-24</td>\n",
       "      <td>3.280</td>\n",
       "      <td>3.249</td>\n",
       "      <td>3.287</td>\n",
       "      <td>3.242</td>\n",
       "      <td>1.08%</td>\n",
       "    </tr>\n",
       "    <tr>\n",
       "      <th>2753</th>\n",
       "      <td>2014-09-23</td>\n",
       "      <td>3.245</td>\n",
       "      <td>3.276</td>\n",
       "      <td>3.280</td>\n",
       "      <td>3.241</td>\n",
       "      <td>-1.28%</td>\n",
       "    </tr>\n",
       "    <tr>\n",
       "      <th>2754</th>\n",
       "      <td>2014-09-22</td>\n",
       "      <td>3.287</td>\n",
       "      <td>3.279</td>\n",
       "      <td>3.295</td>\n",
       "      <td>3.261</td>\n",
       "      <td>0.00%</td>\n",
       "    </tr>\n",
       "    <tr>\n",
       "      <th>2755</th>\n",
       "      <td>2014-09-19</td>\n",
       "      <td>3.287</td>\n",
       "      <td>3.358</td>\n",
       "      <td>3.382</td>\n",
       "      <td>3.284</td>\n",
       "      <td>-1.85%</td>\n",
       "    </tr>\n",
       "    <tr>\n",
       "      <th>2756</th>\n",
       "      <td>2014-09-18</td>\n",
       "      <td>3.349</td>\n",
       "      <td>3.371</td>\n",
       "      <td>3.373</td>\n",
       "      <td>3.330</td>\n",
       "      <td>-0.56%</td>\n",
       "    </tr>\n",
       "  </tbody>\n",
       "</table>\n",
       "<p>2757 rows × 6 columns</p>\n",
       "</div>"
      ],
      "text/plain": [
       "           Date  Price   Open   High    Low Change %\n",
       "0    2025-04-17  4.808  4.751  4.829  4.742    1.41%\n",
       "1    2025-04-16  4.741  4.788  4.808  4.735   -0.93%\n",
       "2    2025-04-15  4.786  4.801  4.848  4.758   -0.55%\n",
       "3    2025-04-14  4.812  4.895  4.899  4.790   -1.30%\n",
       "4    2025-04-11  4.875  4.933  4.991  4.816    0.13%\n",
       "...         ...    ...    ...    ...    ...      ...\n",
       "2752 2014-09-24  3.280  3.249  3.287  3.242    1.08%\n",
       "2753 2014-09-23  3.245  3.276  3.280  3.241   -1.28%\n",
       "2754 2014-09-22  3.287  3.279  3.295  3.261    0.00%\n",
       "2755 2014-09-19  3.287  3.358  3.382  3.284   -1.85%\n",
       "2756 2014-09-18  3.349  3.371  3.373  3.330   -0.56%\n",
       "\n",
       "[2757 rows x 6 columns]"
      ]
     },
     "execution_count": 9,
     "metadata": {},
     "output_type": "execute_result"
    }
   ],
   "source": [
    "# transform Date column to datetime from dd/mm/yyyy\n",
    "df['Date'] = pd.to_datetime(df['Date'], format='%m/%d/%Y')\n",
    "\n",
    "# transform price,open,high,low columns to double\n",
    "df['Price'] = df['Price'].astype(float)\n",
    "df['Open'] = df['Open'].astype(float)\n",
    "df['High'] = df['High'].astype(float)\n",
    "df['Low'] = df['Low'].astype(float)\n",
    "df"
   ]
  },
  {
   "cell_type": "code",
   "execution_count": 10,
   "id": "82b16dc7",
   "metadata": {},
   "outputs": [
    {
     "data": {
      "text/html": [
       "<div>\n",
       "<style scoped>\n",
       "    .dataframe tbody tr th:only-of-type {\n",
       "        vertical-align: middle;\n",
       "    }\n",
       "\n",
       "    .dataframe tbody tr th {\n",
       "        vertical-align: top;\n",
       "    }\n",
       "\n",
       "    .dataframe thead th {\n",
       "        text-align: right;\n",
       "    }\n",
       "</style>\n",
       "<table border=\"1\" class=\"dataframe\">\n",
       "  <thead>\n",
       "    <tr style=\"text-align: right;\">\n",
       "      <th></th>\n",
       "      <th>Date</th>\n",
       "      <th>Price</th>\n",
       "      <th>Open</th>\n",
       "      <th>High</th>\n",
       "      <th>Low</th>\n",
       "      <th>Change %</th>\n",
       "    </tr>\n",
       "  </thead>\n",
       "  <tbody>\n",
       "    <tr>\n",
       "      <th>2756</th>\n",
       "      <td>2014-09-18</td>\n",
       "      <td>3.349</td>\n",
       "      <td>3.371</td>\n",
       "      <td>3.373</td>\n",
       "      <td>3.330</td>\n",
       "      <td>-0.56%</td>\n",
       "    </tr>\n",
       "    <tr>\n",
       "      <th>2755</th>\n",
       "      <td>2014-09-19</td>\n",
       "      <td>3.287</td>\n",
       "      <td>3.358</td>\n",
       "      <td>3.382</td>\n",
       "      <td>3.284</td>\n",
       "      <td>-1.85%</td>\n",
       "    </tr>\n",
       "    <tr>\n",
       "      <th>2754</th>\n",
       "      <td>2014-09-22</td>\n",
       "      <td>3.287</td>\n",
       "      <td>3.279</td>\n",
       "      <td>3.295</td>\n",
       "      <td>3.261</td>\n",
       "      <td>0.00%</td>\n",
       "    </tr>\n",
       "    <tr>\n",
       "      <th>2753</th>\n",
       "      <td>2014-09-23</td>\n",
       "      <td>3.245</td>\n",
       "      <td>3.276</td>\n",
       "      <td>3.280</td>\n",
       "      <td>3.241</td>\n",
       "      <td>-1.28%</td>\n",
       "    </tr>\n",
       "    <tr>\n",
       "      <th>2752</th>\n",
       "      <td>2014-09-24</td>\n",
       "      <td>3.280</td>\n",
       "      <td>3.249</td>\n",
       "      <td>3.287</td>\n",
       "      <td>3.242</td>\n",
       "      <td>1.08%</td>\n",
       "    </tr>\n",
       "    <tr>\n",
       "      <th>...</th>\n",
       "      <td>...</td>\n",
       "      <td>...</td>\n",
       "      <td>...</td>\n",
       "      <td>...</td>\n",
       "      <td>...</td>\n",
       "      <td>...</td>\n",
       "    </tr>\n",
       "    <tr>\n",
       "      <th>4</th>\n",
       "      <td>2025-04-11</td>\n",
       "      <td>4.875</td>\n",
       "      <td>4.933</td>\n",
       "      <td>4.991</td>\n",
       "      <td>4.816</td>\n",
       "      <td>0.13%</td>\n",
       "    </tr>\n",
       "    <tr>\n",
       "      <th>3</th>\n",
       "      <td>2025-04-14</td>\n",
       "      <td>4.812</td>\n",
       "      <td>4.895</td>\n",
       "      <td>4.899</td>\n",
       "      <td>4.790</td>\n",
       "      <td>-1.30%</td>\n",
       "    </tr>\n",
       "    <tr>\n",
       "      <th>2</th>\n",
       "      <td>2025-04-15</td>\n",
       "      <td>4.786</td>\n",
       "      <td>4.801</td>\n",
       "      <td>4.848</td>\n",
       "      <td>4.758</td>\n",
       "      <td>-0.55%</td>\n",
       "    </tr>\n",
       "    <tr>\n",
       "      <th>1</th>\n",
       "      <td>2025-04-16</td>\n",
       "      <td>4.741</td>\n",
       "      <td>4.788</td>\n",
       "      <td>4.808</td>\n",
       "      <td>4.735</td>\n",
       "      <td>-0.93%</td>\n",
       "    </tr>\n",
       "    <tr>\n",
       "      <th>0</th>\n",
       "      <td>2025-04-17</td>\n",
       "      <td>4.808</td>\n",
       "      <td>4.751</td>\n",
       "      <td>4.829</td>\n",
       "      <td>4.742</td>\n",
       "      <td>1.41%</td>\n",
       "    </tr>\n",
       "  </tbody>\n",
       "</table>\n",
       "<p>2757 rows × 6 columns</p>\n",
       "</div>"
      ],
      "text/plain": [
       "           Date  Price   Open   High    Low Change %\n",
       "2756 2014-09-18  3.349  3.371  3.373  3.330   -0.56%\n",
       "2755 2014-09-19  3.287  3.358  3.382  3.284   -1.85%\n",
       "2754 2014-09-22  3.287  3.279  3.295  3.261    0.00%\n",
       "2753 2014-09-23  3.245  3.276  3.280  3.241   -1.28%\n",
       "2752 2014-09-24  3.280  3.249  3.287  3.242    1.08%\n",
       "...         ...    ...    ...    ...    ...      ...\n",
       "4    2025-04-11  4.875  4.933  4.991  4.816    0.13%\n",
       "3    2025-04-14  4.812  4.895  4.899  4.790   -1.30%\n",
       "2    2025-04-15  4.786  4.801  4.848  4.758   -0.55%\n",
       "1    2025-04-16  4.741  4.788  4.808  4.735   -0.93%\n",
       "0    2025-04-17  4.808  4.751  4.829  4.742    1.41%\n",
       "\n",
       "[2757 rows x 6 columns]"
      ]
     },
     "execution_count": 10,
     "metadata": {},
     "output_type": "execute_result"
    }
   ],
   "source": [
    "# reverse the dataframe using Date column\n",
    "df = df.sort_values(by='Date', ascending=True)\n",
    "df"
   ]
  },
  {
   "cell_type": "code",
   "execution_count": 11,
   "id": "fb71abc7",
   "metadata": {},
   "outputs": [
    {
     "data": {
      "text/html": [
       "<div>\n",
       "<style scoped>\n",
       "    .dataframe tbody tr th:only-of-type {\n",
       "        vertical-align: middle;\n",
       "    }\n",
       "\n",
       "    .dataframe tbody tr th {\n",
       "        vertical-align: top;\n",
       "    }\n",
       "\n",
       "    .dataframe thead th {\n",
       "        text-align: right;\n",
       "    }\n",
       "</style>\n",
       "<table border=\"1\" class=\"dataframe\">\n",
       "  <thead>\n",
       "    <tr style=\"text-align: right;\">\n",
       "      <th></th>\n",
       "      <th>Date</th>\n",
       "      <th>Price</th>\n",
       "      <th>Open</th>\n",
       "      <th>High</th>\n",
       "      <th>Low</th>\n",
       "      <th>Change %</th>\n",
       "    </tr>\n",
       "  </thead>\n",
       "  <tbody>\n",
       "    <tr>\n",
       "      <th>0</th>\n",
       "      <td>2014-09-18</td>\n",
       "      <td>3.349</td>\n",
       "      <td>3.371</td>\n",
       "      <td>3.373</td>\n",
       "      <td>3.330</td>\n",
       "      <td>-0.56%</td>\n",
       "    </tr>\n",
       "    <tr>\n",
       "      <th>1</th>\n",
       "      <td>2014-09-19</td>\n",
       "      <td>3.287</td>\n",
       "      <td>3.358</td>\n",
       "      <td>3.382</td>\n",
       "      <td>3.284</td>\n",
       "      <td>-1.85%</td>\n",
       "    </tr>\n",
       "    <tr>\n",
       "      <th>2</th>\n",
       "      <td>2014-09-20</td>\n",
       "      <td>3.287</td>\n",
       "      <td>3.358</td>\n",
       "      <td>3.382</td>\n",
       "      <td>3.284</td>\n",
       "      <td>-1.85%</td>\n",
       "    </tr>\n",
       "    <tr>\n",
       "      <th>3</th>\n",
       "      <td>2014-09-21</td>\n",
       "      <td>3.287</td>\n",
       "      <td>3.279</td>\n",
       "      <td>3.295</td>\n",
       "      <td>3.261</td>\n",
       "      <td>0.00%</td>\n",
       "    </tr>\n",
       "    <tr>\n",
       "      <th>4</th>\n",
       "      <td>2014-09-22</td>\n",
       "      <td>3.287</td>\n",
       "      <td>3.279</td>\n",
       "      <td>3.295</td>\n",
       "      <td>3.261</td>\n",
       "      <td>0.00%</td>\n",
       "    </tr>\n",
       "    <tr>\n",
       "      <th>...</th>\n",
       "      <td>...</td>\n",
       "      <td>...</td>\n",
       "      <td>...</td>\n",
       "      <td>...</td>\n",
       "      <td>...</td>\n",
       "      <td>...</td>\n",
       "    </tr>\n",
       "    <tr>\n",
       "      <th>3863</th>\n",
       "      <td>2025-04-16</td>\n",
       "      <td>4.741</td>\n",
       "      <td>4.788</td>\n",
       "      <td>4.808</td>\n",
       "      <td>4.735</td>\n",
       "      <td>-0.93%</td>\n",
       "    </tr>\n",
       "    <tr>\n",
       "      <th>3864</th>\n",
       "      <td>2025-04-17</td>\n",
       "      <td>4.808</td>\n",
       "      <td>4.751</td>\n",
       "      <td>4.829</td>\n",
       "      <td>4.742</td>\n",
       "      <td>1.41%</td>\n",
       "    </tr>\n",
       "    <tr>\n",
       "      <th>3865</th>\n",
       "      <td>2025-04-18</td>\n",
       "      <td>4.808</td>\n",
       "      <td>4.751</td>\n",
       "      <td>4.829</td>\n",
       "      <td>4.742</td>\n",
       "      <td>1.41%</td>\n",
       "    </tr>\n",
       "    <tr>\n",
       "      <th>3866</th>\n",
       "      <td>2025-04-19</td>\n",
       "      <td>4.808</td>\n",
       "      <td>4.751</td>\n",
       "      <td>4.829</td>\n",
       "      <td>4.742</td>\n",
       "      <td>1.41%</td>\n",
       "    </tr>\n",
       "    <tr>\n",
       "      <th>3867</th>\n",
       "      <td>2025-04-20</td>\n",
       "      <td>4.808</td>\n",
       "      <td>4.751</td>\n",
       "      <td>4.829</td>\n",
       "      <td>4.742</td>\n",
       "      <td>1.41%</td>\n",
       "    </tr>\n",
       "  </tbody>\n",
       "</table>\n",
       "<p>3868 rows × 6 columns</p>\n",
       "</div>"
      ],
      "text/plain": [
       "           Date  Price   Open   High    Low Change %\n",
       "0    2014-09-18  3.349  3.371  3.373  3.330   -0.56%\n",
       "1    2014-09-19  3.287  3.358  3.382  3.284   -1.85%\n",
       "2    2014-09-20  3.287  3.358  3.382  3.284   -1.85%\n",
       "3    2014-09-21  3.287  3.279  3.295  3.261    0.00%\n",
       "4    2014-09-22  3.287  3.279  3.295  3.261    0.00%\n",
       "...         ...    ...    ...    ...    ...      ...\n",
       "3863 2025-04-16  4.741  4.788  4.808  4.735   -0.93%\n",
       "3864 2025-04-17  4.808  4.751  4.829  4.742    1.41%\n",
       "3865 2025-04-18  4.808  4.751  4.829  4.742    1.41%\n",
       "3866 2025-04-19  4.808  4.751  4.829  4.742    1.41%\n",
       "3867 2025-04-20  4.808  4.751  4.829  4.742    1.41%\n",
       "\n",
       "[3868 rows x 6 columns]"
      ]
     },
     "execution_count": 11,
     "metadata": {},
     "output_type": "execute_result"
    }
   ],
   "source": [
    "start_date = pd.to_datetime('2014-09-18')\n",
    "end_date = pd.to_datetime('2025-04-20')\n",
    "\n",
    "date_range = pd.date_range(start=start_date, end=end_date)\n",
    "df = df.set_index('Date').reindex(date_range, method='nearest').reset_index()\n",
    "df.rename(columns={'index': 'Date'}, inplace=True)\n",
    "df"
   ]
  },
  {
   "cell_type": "code",
   "execution_count": 12,
   "id": "154cae69",
   "metadata": {},
   "outputs": [],
   "source": [
    "df_data = pd.read_csv('data/data.csv')\n",
    "\n",
    "# check if date column exists in data/data.csv\n",
    "if 'Date' not in df_data.columns:\n",
    "    # set Date column using df['Date']\n",
    "    df_data['Date'] = df['Date']\n",
    "\n",
    "# add Price column to data/data.csv as 10Y Bond Price\n",
    "if 'US30 Open' not in df_data.columns:\n",
    "    df_data['US30 Open'] = df['Open']\n",
    "\n",
    "# convert Date column to datetime\n",
    "df_data['Date'] = pd.to_datetime(df_data['Date'], format='%Y-%m-%d')\n",
    "\n",
    "# check if there are missing newer dates in data/data.csv compared to date_range\n",
    "if df_data['Date'].max() < df['Date'].max():\n",
    "    # add missing dates to data/data.csv\n",
    "    missing_dates = df[~df['Date'].isin(df_data['Date'])]\n",
    "    missing_dates = missing_dates[['Date', 'Open']]\n",
    "    missing_dates.rename(columns={'Open': 'US30 Open'}, inplace=True)\n",
    "    df_data = pd.concat([df_data, missing_dates], ignore_index=True)\n",
    "\n",
    "# write the updated data/data.csv\n",
    "df_data.to_csv('data/data.csv', index=False)"
   ]
  }
 ],
 "metadata": {
  "kernelspec": {
   "display_name": ".venv",
   "language": "python",
   "name": "python3"
  },
  "language_info": {
   "codemirror_mode": {
    "name": "ipython",
    "version": 3
   },
   "file_extension": ".py",
   "mimetype": "text/x-python",
   "name": "python",
   "nbconvert_exporter": "python",
   "pygments_lexer": "ipython3",
   "version": "3.10.12"
  }
 },
 "nbformat": 4,
 "nbformat_minor": 5
}
